06 2002     3.1250     0.000     0.000    -0.096   -21.770   -21.720   -21.510   -21.490    82.400    83.700    15.860    15.580   131.900   132.900   247.500     2.797     3.831   -31.250   -31.090   -30.900   -30.670   -30.330   -30.130   -30.050   -30.240   -30.640   -31.140    12.440   999.000   999.000   999.000   999.000   999.000    18.480   999.000   999.000   999.000   999.000
06 2002     3.2500     0.000     0.000    -0.154   -22.550   -22.580   -22.350   -22.340    81.700    82.900    12.190    12.320   150.800   155.100   246.600     2.795     3.295   -31.270   -31.110   -30.930   -30.690   -30.350   -30.150   -30.080   -30.270   -30.660   -31.160    12.450   999.000   999.000   999.000   999.000   999.000    14.610   999.000   999.000   999.000   999.000
06 2002     3.2917     0.000     0.000    -0.198   -23.520   -23.620   -23.370   -23.350    80.800    81.900    10.540    10.760   172.800   177.100   247.000     2.402     3.875   -31.280   -31.120   -30.940   -30.700   -30.370   -30.160   -30.080   -30.260   -30.660   -31.170    12.440   999.000   999.000   999.000   999.000   999.000    14.340   999.000   999.000   999.000   999.000
06 2002     3.3333     0.000     0.000    -0.524   -25.500   -25.270   -25.200   -25.140    79.200    80.500     5.697     5.440   175.600   181.600   247.500     2.814     2.175   -31.300   -31.150   -30.960   -30.720   -30.390   -30.180   -30.090   -30.250   -30.650   -31.170    12.450   999.000   999.000   999.000   999.000   999.000     9.170   999.000   999.000   999.000   999.000
06 2002     3.3750     0.000     0.000    -0.392   -28.930   -28.660   -28.650   -28.500    76.000    77.100     5.290     5.381   160.000   165.500   247.900     2.835     0.438   -31.350   -31.210   -31.020   -30.770   -30.440   -30.230   -30.130   -30.270   -30.670   -31.200    12.450   999.000   999.000   999.000   999.000   999.000     6.337   999.000   999.000   999.000   999.000
06 2002     3.4167     0.000     0.000    -0.172   -30.000   -29.980   -29.820   -29.660    74.400    75.600     5.927     6.091   177.700   183.000   247.500     1.623     1.587   -31.440   -31.290   -31.090   -30.840   -30.530   -30.310   -30.220   -30.380   -30.790   -31.290    12.450   999.000   999.000   999.000   999.000   999.000     7.280   999.000   999.000   999.000   999.000
06 2002     3.5000     0.000     0.000    -0.449   -31.380   -31.200   -31.060   -30.940    73.200    74.400     6.358     6.567   170.600   174.500   247.900     0.408     1.008   -31.510   -31.360   -31.160   -30.910   -30.600   -30.370   -30.290   -30.460   -30.870   -31.360    12.450   999.000   999.000   999.000   999.000   999.000     7.880   999.000   999.000   999.000   999.000
06 2002     3.5417     0.000     0.000    -0.459   -33.910   -33.770   -33.590   -33.460    70.700    71.800     6.003     6.199   163.200   167.000   248.100     0.414     0.409   -31.560   -31.420   -31.220   -30.960   -30.670   -30.430   -30.340   -30.490   -30.910   -31.400    12.460   999.000   999.000   999.000   999.000   999.000     7.100   999.000   999.000   999.000   999.000
06 2002     3.5833     0.000     0.000    -0.408   -35.900   -35.800   -35.560   -35.390    68.480    69.660     7.090     7.310   170.700   174.300   247.800     0.403     0.418   -31.640   -31.500   -31.290   -31.030   -30.740   -30.500   -30.410   -30.560   -30.990   -31.470    12.450   999.000   999.000   999.000   999.000   999.000     8.830   999.000   999.000   999.000   999.000
06 2002     3.7083     0.000     0.000    -0.229   -34.220   -34.130   -33.670   -33.610    70.000    71.300    10.070    10.360   194.800   200.900   247.900     1.645     0.379   -31.740   -31.590   -31.380   -31.120   -30.840   -30.590   -30.530   -30.740   -31.170   -31.600    12.450   999.000   999.000   999.000   999.000   999.000    12.460   999.000   999.000   999.000   999.000
06 2002     3.7500     0.000     0.000    -0.181   -32.730   -32.530   -32.140   -32.160    71.600    72.900    11.000    11.460   209.300   213.300   248.500     2.055     0.377   -31.720   -31.570   -31.360   -31.090   -30.820   -30.580   -30.520   -30.740   -31.150   -31.580    12.450   999.000   999.000   999.000   999.000   999.000    13.640   999.000   999.000   999.000   999.000
06 2002     3.7917     0.000    -0.001    -0.188   -31.720   -31.610   -31.220   -31.200    72.600    73.900    11.670    12.030   216.100   219.900   249.500     1.277     0.381   -31.680   -31.530   -31.310   -31.060   -30.780   -30.540   -30.480   -30.700   -31.110   -31.550    12.450   999.000   999.000   999.000   999.000   999.000    14.450   999.000   999.000   999.000   999.000
06 2002     3.9167     0.000     0.000    -0.305   -32.730   -32.670   -32.300   -32.230    71.500    72.800     9.510     9.970   206.000   211.000   251.700     2.445     0.378   -31.640   -31.490   -31.290   -31.030   -30.740   -30.500   -30.430   -30.630   -31.050   -31.510    12.440   999.000   999.000   999.000   999.000   999.000    11.770   999.000   999.000   999.000   999.000
06 2002     4.0000     0.000     0.000    -0.196   -32.420   -32.220   -31.880   -31.900    71.900    73.200     9.070     9.470   204.700   210.700   253.600     2.439     0.446   -31.650   -31.500   -31.290   -31.030   -30.750   -30.510   -30.440   -30.640   -31.070   -31.530    12.450   999.000   999.000   999.000   999.000   999.000    11.190   999.000   999.000   999.000   999.000
06 2002     4.0417     0.000     0.000    -0.030   -33.040   -32.990   -32.640   -32.590    71.100    72.300     8.580     8.960   203.700   208.900   254.300     1.654     1.606   -31.650   -31.500   -31.290   -31.030   -30.750   -30.510   -30.440   -30.640   -31.050   -31.510    12.420   999.000   999.000   999.000   999.000   999.000    10.550   999.000   999.000   999.000   999.000
06 2002     4.4167     0.000     0.000    -0.137   -34.090   -33.470   -33.460   -32.920    69.530    71.900     8.260     8.500   163.900   168.100   258.900     1.630     1.026   -31.790   -31.640   -31.420   -31.160   -30.900   -30.650   -30.590   -30.810   -31.220   -31.650    12.450   999.000   999.000   999.000   999.000   999.000    11.340   999.000   999.000   999.000   999.000
06 2002     4.5833     0.000     0.000    -0.264   -28.140   -27.900   -27.670   -27.570    76.100    77.400     7.860     8.000   134.000   136.300   258.300     1.256     0.428   -31.520   -31.370   -31.160   -30.920   -30.620   -30.400   -30.350   -30.560   -30.950   -31.410    12.450   999.000   999.000   999.000   999.000   999.000     9.440   999.000   999.000   999.000   999.000
06 2002     4.7500     0.000     0.000     0.040   -24.380   -24.450   -24.130   -24.110    79.900    81.000    11.960    11.890   121.300   121.000   255.600     2.804     0.419   -31.390   -31.230   -31.030   -30.790   -30.490   -30.280   -30.230   -30.430   -30.810   -31.290    12.450   999.000   999.000   999.000   999.000   999.000    14.740   999.000   999.000   999.000   999.000
06 2002     4.8333     0.000    -0.001     0.013   -23.880   -23.830   -23.570   -23.540    80.300    81.600    11.880    11.760   120.500   121.100   254.700     2.786     2.153   -31.350   -31.190   -31.000   -30.760   -30.440   -30.250   -30.190   -30.390   -30.760   -31.250    12.450   999.000   999.000   999.000   999.000   999.000    14.970   999.000   999.000   999.000   999.000
06 2002     5.3333     0.000     0.000    -0.321   -27.430   -27.230   -27.070   -27.010    76.900    78.200    11.540    11.440   129.800   131.100   248.400     2.761     0.424   -31.400   -31.250   -31.050   -30.810   -30.510   -30.300   -30.240   -30.420   -30.790   -31.290    12.440   999.000   999.000   999.000   999.000   999.000    13.260   999.000   999.000   999.000   999.000
06 2002     5.4167     0.000     0.000    -0.033   -26.660   -26.650   -26.390   -26.370    77.700    78.800    11.750    11.710   132.600   133.100   248.300     1.614     0.397   -31.430   -31.270   -31.080   -30.830   -30.530   -30.330   -30.270   -30.470   -30.840   -31.330    12.440   999.000   999.000   999.000   999.000   999.000    13.570   999.000   999.000   999.000   999.000
06 2002     5.4583     0.000    -0.001    -0.102   -27.030   -26.920   -26.670   -26.690    77.200    78.500    11.050    11.100   133.500   134.700   248.500     2.448     0.413   -31.420   -31.270   -31.070   -30.830   -30.530   -30.320   -30.270   -30.450   -30.830   -31.320    12.440   999.000   999.000   999.000   999.000   999.000    13.750   999.000   999.000   999.000   999.000
06 2002     5.5000    -0.001    -0.001     0.008   -27.310   -27.280   -27.050   -27.040    77.000    78.200    11.210    11.250   142.300   143.600   249.000     2.812     1.048   -31.420   -31.270   -31.070   -30.830   -30.530   -30.320   -30.270   -30.450   -30.820   -31.320    12.440   999.000   999.000   999.000   999.000   999.000    14.570   999.000   999.000   999.000   999.000
06 2002     5.5417     0.000    -0.001    -0.104   -26.820   -26.790   -26.530   -26.520    77.500    78.700    10.400    10.420   143.400   146.400   249.100     2.041     1.049   -31.430   -31.270   -31.080   -30.830   -30.530   -30.330   -30.270   -30.460   -30.830   -31.330    12.440   999.000   999.000   999.000   999.000   999.000    12.030   999.000   999.000   999.000   999.000
06 2002     5.5833     0.000     0.000    -0.309   -27.640   -27.610   -27.330   -27.370    76.800    77.800     8.560     8.620   148.300   151.200   249.100     0.894     1.034   -31.420   -31.270   -31.070   -30.830   -30.530   -30.330   -30.270   -30.450   -30.810   -31.320    12.440   999.000   999.000   999.000   999.000   999.000    10.090   999.000   999.000   999.000   999.000
06 2002     5.6250     0.000     0.000    -0.249   -29.110   -29.100   -28.860   -28.850    75.300    76.300     7.840     7.970   155.400   158.900   249.500     0.414     0.469   -31.430   -31.280   -31.090   -30.840   -30.540   -30.340   -30.270   -30.440   -30.800   -31.320    12.440   999.000   999.000   999.000   999.000   999.000     9.470   999.000   999.000   999.000   999.000
06 2002     5.6667     0.000     0.000    -0.321   -29.380   -29.260   -29.060   -28.990    75.000    76.200     6.185     6.355   163.500   167.100   249.600     0.814     0.418   -31.460   -31.320   -31.120   -30.870   -30.580   -30.370   -30.310   -30.480   -30.850   -31.350    12.440   999.000   999.000   999.000   999.000   999.000     8.000   999.000   999.000   999.000   999.000
06 2002     5.7083     0.000     0.000    -0.450   -30.630   -30.510   -30.350   -30.210    73.800    75.000     6.512     6.735   159.600   164.200   249.500     1.575     1.630   -31.480   -31.340   -31.140   -30.890   -30.600   -30.380   -30.320   -30.480   -30.860   -31.360    12.440   999.000   999.000   999.000   999.000   999.000     8.010   999.000   999.000   999.000   999.000
06 2002     5.9583     0.000     0.000    -0.039   -27.950   -27.970   -27.650   -27.490    76.200    77.500     5.509     5.568   127.900   130.200   248.500     1.931     0.988   -31.550   -31.390   -31.190   -30.950   -30.670   -30.460   -30.410   -30.620   -30.990   -31.460    12.440   999.000   999.000   999.000   999.000   999.000     6.938   999.000   999.000   999.000   999.000
06 2002     6.0417     0.000     0.000    -0.331   -30.080   -29.610   -29.600   -29.500    74.100    75.600     6.117     5.862   117.600   117.200   247.300     1.583     0.420   -31.480   -31.330   -31.130   -30.880   -30.590   -30.380   -30.330   -30.500   -30.860   -31.370    12.420   999.000   999.000   999.000   999.000   999.000     7.510   999.000   999.000   999.000   999.000
06 2002     6.2917     0.000     0.000    -0.414   -27.980   -27.570   -27.490   -27.400    76.200    77.700     7.530     7.410   119.800   121.100   243.600     0.492     0.410   -31.440   -31.290   -31.090   -30.850   -30.560   -30.360   -30.300   -30.490   -30.850   -31.360    12.440   999.000   999.000   999.000   999.000   999.000     9.340   999.000   999.000   999.000   999.000
06 2002    19.6667     0.003     0.003    -0.003   -42.690   -42.260   -39.730   -39.800    60.450    62.080     1.808     2.116   120.700   132.400   263.900     0.412     0.378   -31.920   -31.790   -31.580   -31.340   -31.170   -30.980   -30.980   -31.140   -31.530   -32.160    12.400   999.000   999.000   999.000   999.000   999.000     2.979   999.000   999.000   999.000   999.000
06 2002    19.7083     0.001     0.001     0.075   -42.000   -41.660   -39.730   -39.780    61.030    62.670     1.650     2.021    90.900    95.300   264.100     0.413     0.383   -31.930   -31.800   -31.590   -31.350   -31.180   -30.990   -30.990   -31.160   -31.550   -32.180    12.400   999.000   999.000   999.000   999.000   999.000     2.927   999.000   999.000   999.000   999.000
06 2002    19.7500    -0.001    -0.001     0.067   -39.630   -39.890   -39.070   -38.760    63.320    64.520     2.742     2.764    81.000    81.500   264.300     0.442     0.423   -31.930   -31.790   -31.580   -31.350   -31.180   -30.990   -30.990   -31.180   -31.570   -32.180    12.400   999.000   999.000   999.000   999.000   999.000     3.306   999.000   999.000   999.000   999.000
06 2002    19.7917     0.000     0.000     0.008   -37.420   -37.710   -37.010   -36.730    65.740    66.850     2.920     2.932    80.200    80.600   264.500     0.864     0.431   -31.900   -31.760   -31.540   -31.310   -31.140   -30.960   -30.960   -31.160   -31.540   -32.150    12.400   999.000   999.000   999.000   999.000   999.000     3.744   999.000   999.000   999.000   999.000
06 2002    19.9167    -0.001    -0.001    -0.116   -40.770   -40.400   -39.650   -39.490    62.610    64.120     3.223     3.410    86.100    87.900   264.300     0.421     0.430   -31.820   -31.690   -31.480   -31.250   -31.070   -30.900   -30.890   -31.040   -31.410   -32.070    12.390   999.000   999.000   999.000   999.000   999.000     4.129   999.000   999.000   999.000   999.000
06 2002    20.1250     0.000     0.000    -0.035   -40.810   -40.190   -39.600   -39.290    62.670    64.350     0.884     1.136   106.800   111.400   264.200     0.426     0.433   -31.860   -31.730   -31.520   -31.280   -31.110   -30.930   -30.920   -31.080   -31.470   -32.120    12.390   999.000   999.000   999.000   999.000   999.000     2.117   999.000   999.000   999.000   999.000
06 2002    20.2917     0.000     0.000    -0.012   -43.330   -42.780   -39.730   -39.800    59.570    61.530     1.362     1.858    96.300   100.700   263.900     0.498     0.437   -31.950   -31.830   -31.610   -31.370   -31.210   -31.020   -31.010   -31.170   -31.580   -32.220    12.400   999.000   999.000   999.000   999.000   999.000     2.672   999.000   999.000   999.000   999.000
06 2002    20.3750     0.000     0.000    -0.026   -41.510   -40.780   -39.730   -39.630    61.660    63.630     0.943     1.415    98.100   103.800   263.900     0.458     0.427   -31.950   -31.820   -31.600   -31.370   -31.200   -31.010   -31.010   -31.190   -31.590   -32.230    12.400   999.000   999.000   999.000   999.000   999.000     2.339   999.000   999.000   999.000   999.000
06 2002    20.4167     0.000     0.000    -0.037   -42.560   -41.550   -39.730   -39.800    60.750    62.850     1.741     2.108    91.000    97.000   264.200     0.506     0.432   -31.940   -31.800   -31.590   -31.360   -31.190   -31.000   -31.000   -31.160   -31.560   -32.210    12.390   999.000   999.000   999.000   999.000   999.000     2.835   999.000   999.000   999.000   999.000
06 2002    20.4583     0.000     0.000    -0.043   -43.400   -42.430   -39.730   -39.800    59.850    61.930     2.117     2.222    84.200    89.500   264.100     0.436     0.421   -31.940   -31.810   -31.600   -31.360   -31.200   -31.010   -31.000   -31.160   -31.550   -32.210    12.400   999.000   999.000   999.000   999.000   999.000     3.103   999.000   999.000   999.000   999.000
06 2002    20.5417     0.000     0.000    -0.051   -44.580   -43.550   -39.730   -39.800    58.350    60.690     1.410     1.905    97.600   101.300   263.900     0.439     0.405   -31.980   -31.860   -31.640   -31.400   -31.240   -31.050   -31.040   -31.200   -31.600   -32.260    12.400   999.000   999.000   999.000   999.000   999.000     3.221   999.000   999.000   999.000   999.000
06 2002    20.5833     0.002     0.002    -0.022   -44.690   -43.620   -39.730   -39.800    58.340    60.650     1.034     1.398   104.100   106.100   264.100     0.435     0.402   -32.010   -31.880   -31.660   -31.420   -31.260   -31.070   -31.070   -31.230   -31.630   -32.290    12.390   999.000   999.000   999.000   999.000   999.000     3.214   999.000   999.000   999.000   999.000
06 2002    20.6250     0.003     0.005    -0.016   -45.220   -43.980   -39.730   -39.800    57.790    60.280     0.851     1.198   105.400   110.600   263.800     0.436     0.405   -32.010   -31.890   -31.670   -31.430   -31.270   -31.080   -31.070   -31.230   -31.640   -32.300    12.390   999.000   999.000   999.000   999.000   999.000     2.045   999.000   999.000   999.000   999.000
06 2002    20.6667     0.003     0.004    -0.007   -45.580   -44.270   -39.730   -39.800    57.360    59.970     0.732     1.157   106.500   110.300   263.700     0.433     0.386   -32.030   -31.910   -31.690   -31.450   -31.300   -31.100   -31.090   -31.250   -31.660   -32.320    12.390   999.000   999.000   999.000   999.000   999.000     2.091   999.000   999.000   999.000   999.000
06 2002    22.4167     0.000     0.000     0.002   -40.920   -37.290   -39.420   -36.490    62.590    67.540     0.000     0.000    49.780    33.980   264.300     0.480     0.500   -31.990   -31.860   -31.650   -31.420   -31.260   -31.080   -31.080   -31.240   -31.660   -32.370    12.390   999.000   999.000   999.000   999.000   999.000     0.000   999.000   999.000   999.000   999.000
06 2002    22.4583     0.000     0.000     0.093   -38.590   -36.520   -38.380   -35.440    64.510    68.460     0.000     0.000    49.730    33.980   264.300     0.450     0.629   -32.000   -31.870   -31.660   -31.430   -31.270   -31.090   -31.090   -31.260   -31.690   -32.390    12.390   999.000   999.000   999.000   999.000   999.000     0.000   999.000   999.000   999.000   999.000
06 2002    22.5000     0.000     0.000    -0.009   -40.320   -35.960   -38.870   -35.260    63.360    68.940     0.000     0.000    49.750    34.010   264.200     0.858     0.422   -31.990   -31.860   -31.650   -31.420   -31.260   -31.080   -31.080   -31.250   -31.670   -32.380    12.390   999.000   999.000   999.000   999.000   999.000     0.000   999.000   999.000   999.000   999.000
06 2002    22.8333     0.000     0.000    -0.036   -42.620   -40.390   -39.730   -38.970    59.520    64.080     0.000     0.000    49.740    34.240   264.800     0.419     0.371   -32.120   -31.990   -31.770   -31.530   -31.400   -31.200   -31.210   -31.390   -31.830   -32.530    12.380   999.000   999.000   999.000   999.000   999.000     0.000   999.000   999.000   999.000   999.000
06 2002    22.8750     0.000     0.000     0.008   -41.020   -39.690   -39.710   -38.340    61.250    64.660     0.000     0.000    49.740    34.180   264.600     0.441     0.369   -32.100   -31.970   -31.750   -31.510   -31.370   -31.180   -31.190   -31.380   -31.820   -32.510    12.390   999.000   999.000   999.000   999.000   999.000     0.000   999.000   999.000   999.000   999.000
06 2002    23.5000     0.000     0.000     0.113   -43.130   -37.880   -39.730   -37.090    60.170    67.020     0.000     0.000    49.840    27.890   264.700     0.497     0.422   -32.100   -31.980   -31.760   -31.530   -31.390   -31.200   -31.200   -31.380   -31.820   -32.540    12.380   999.000   999.000   999.000   999.000   999.000     0.000   999.000   999.000   999.000   999.000
06 2002    24.0833     0.000     0.000     0.162   -37.940   -35.990   -36.930   -35.120    64.600    67.770     0.000     0.000    49.810   216.900   262.800     0.547     0.378   -31.930   -31.800   -31.600   -31.370   -31.210   -31.040   -31.060   -31.250   -31.670   -32.410    12.380   999.000   999.000   999.000   999.000   999.000     0.000   999.000   999.000   999.000   999.000
06 2002    24.2083    -0.001    -0.001     0.150   -42.010   -39.610   -39.730   -38.650    61.080    65.010     0.000     0.000    49.810   216.800   263.100     0.413     0.417   -31.930   -31.810   -31.610   -31.380   -31.220   -31.050   -31.050   -31.210   -31.640   -32.400    12.380   999.000   999.000   999.000   999.000   999.000     0.000   999.000   999.000   999.000   999.000
06 2002    24.2500     0.000     0.000     0.146   -42.180   -39.890   -39.730   -38.890    60.540    64.100     0.000     0.000    49.810   216.800   263.100     0.416     0.422   -31.950   -31.830   -31.620   -31.390   -31.240   -31.060   -31.070   -31.240   -31.670   -32.420    12.380   999.000   999.000   999.000   999.000   999.000     0.000   999.000   999.000   999.000   999.000
06 2002    24.3333     0.000     0.000     0.135   -42.220   -39.370   -39.730   -38.400    60.900    65.080     0.000     0.000    49.820   216.700   263.100     0.478     0.417   -31.960   -31.840   -31.630   -31.400   -31.250   -31.080   -31.080   -31.250   -31.670   -32.430    12.380   999.000   999.000   999.000   999.000   999.000     0.000   999.000   999.000   999.000   999.000
06 2002    24.3750     0.000     0.000     0.128   -42.170   -39.370   -39.730   -38.400    60.260    64.340     0.000     0.000    49.820   216.800   263.100     0.494     0.425   -31.980   -31.860   -31.650   -31.420   -31.270   -31.100   -31.100   -31.280   -31.710   -32.460    12.380   999.000   999.000   999.000   999.000   999.000     0.000   999.000   999.000   999.000   999.000
06 2002    24.4167     0.000     0.000     0.096   -41.700   -39.130   -39.730   -38.170    61.170    65.040     0.000     0.000    49.830   216.700   263.100     0.880     0.437   -31.980   -31.860   -31.650   -31.420   -31.270   -31.090   -31.100   -31.280   -31.710   -32.460    12.380   999.000   999.000   999.000   999.000   999.000     0.000   999.000   999.000   999.000   999.000
06 2002    24.4583     0.000     0.000     0.120   -41.820   -39.550   -39.730   -38.530    60.940    64.700     0.000     0.000    49.820   216.700   263.300     0.499     0.406   -31.990   -31.860   -31.650   -31.420   -31.270   -31.100   -31.100   -31.280   -31.720   -32.470    12.380   999.000   999.000   999.000   999.000   999.000     0.000   999.000   999.000   999.000   999.000
06 2002    24.5000     0.000     0.000     0.121   -41.320   -39.410   -39.700   -38.410    61.330    64.540     0.000     0.000    49.820   216.700   263.200     0.532     0.400   -31.990   -31.860   -31.650   -31.420   -31.280   -31.100   -31.110   -31.290   -31.730   -32.480    12.380   999.000   999.000   999.000   999.000   999.000     0.000   999.000   999.000   999.000   999.000
06 2002    24.5417     0.000     0.000     0.079   -41.180   -39.250   -39.690   -38.260    61.900    64.980     0.000     0.000    49.980   216.600   263.000     0.552     0.387   -31.980   -31.860   -31.650   -31.420   -31.270   -31.090   -31.100   -31.270   -31.710   -32.470    12.380   999.000   999.000   999.000   999.000   999.000     0.000   999.000   999.000   999.000   999.000
06 2002    24.7083     0.003     0.003     0.102   -43.080   -40.130   -39.730   -39.060    59.970    64.250     0.000     0.000    50.110   216.400   263.100     2.017     0.406   -32.040   -31.920   -31.710   -31.470   -31.330   -31.150   -31.160   -31.330   -31.780   -32.530    12.390   999.000   999.000   999.000   999.000   999.000     0.000   999.000   999.000   999.000   999.000
06 2002    24.7500     0.000     0.000     0.093   -42.780   -40.000   -39.730   -38.910    59.930    64.040     0.000     0.000    50.080   216.400   263.000     0.356     0.418   -32.050   -31.930   -31.720   -31.480   -31.340   -31.160   -31.170   -31.350   -31.800   -32.550    12.390   999.000   999.000   999.000   999.000   999.000     0.000   999.000   999.000   999.000   999.000
06 2002    24.7917     0.000     0.000     0.106   -42.240   -39.550   -39.730   -38.520    60.620    64.570     0.000     0.000    50.110   216.400   263.000     0.467     0.409   -32.040   -31.920   -31.710   -31.480   -31.340   -31.150   -31.170   -31.350   -31.800   -32.550    12.390   999.000   999.000   999.000   999.000   999.000     0.000   999.000   999.000   999.000   999.000
06 2002    24.8333     0.000     0.000     0.095   -41.990   -39.370   -39.730   -38.370    60.830    64.680     0.000     0.000    50.110   216.400   263.000     0.491     0.391   -32.040   -31.920   -31.710   -31.480   -31.340   -31.160   -31.170   -31.360   -31.800   -32.550    12.380   999.000   999.000   999.000   999.000   999.000     0.000   999.000   999.000   999.000   999.000
06 2002    24.8750    -0.001    -0.002     0.098   -42.040   -39.780   -39.730   -38.760    61.020    64.470     0.000     0.000    50.110   216.400   262.800     0.486     0.383   -32.030   -31.910   -31.700   -31.470   -31.330   -31.150   -31.160   -31.340   -31.790   -32.540    12.380   999.000   999.000   999.000   999.000   999.000     0.000   999.000   999.000   999.000   999.000
06 2002    25.1250    -0.001    -0.001     0.102   -42.460   -39.930   -39.730   -39.050    59.450    62.760     0.000     0.000    50.070   216.400   262.700     0.828     0.372   -32.030   -31.900   -31.700   -31.460   -31.330   -31.150   -31.160   -31.350   -31.790   -32.550    12.380   999.000   999.000   999.000   999.000   999.000     0.000   999.000   999.000   999.000   999.000
06 2002    25.2500     0.000     0.000    -0.134   -42.160   -38.920   -39.730   -38.100    60.460    64.640     0.000     0.000    50.110   216.400   262.300     0.435     0.372   -32.000   -31.870   -31.670   -31.440   -31.300   -31.120   -31.130   -31.310   -31.750   -32.520    12.380   999.000   999.000   999.000   999.000   999.000     0.000   999.000   999.000   999.000   999.000
06 2002    25.3750     0.000     0.000    -0.120   -41.450   -38.360   -39.700   -37.600    61.030    65.480     0.000     0.000    50.010   216.400   262.000     0.429     0.375   -31.990   -31.860   -31.660   -31.430   -31.290   -31.110   -31.130   -31.310   -31.760   -32.520    12.380   999.000   999.000   999.000   999.000   999.000     0.000   999.000   999.000   999.000   999.000
06 2002    25.4167     0.000     0.000    -0.079   -41.820   -39.410   -39.730   -38.400    60.590    64.580     0.000     0.000    50.010   216.400   261.600     0.834     0.374   -31.980   -31.860   -31.650   -31.430   -31.280   -31.110   -31.120   -31.310   -31.760   -32.520    12.380   999.000   999.000   999.000   999.000   999.000     0.000   999.000   999.000   999.000   999.000
06 2002    25.4583     0.000     0.000     0.006   -42.190   -40.280   -39.730   -39.150    60.030    63.480     0.000     0.000    50.010   216.400   261.200     0.496     0.402   -31.980   -31.850   -31.650   -31.420   -31.270   -31.100   -31.110   -31.300   -31.750   -32.520    12.380   999.000   999.000   999.000   999.000   999.000     0.000   999.000   999.000   999.000   999.000
06 2002    25.5000     0.000     0.000     0.102   -41.800   -40.780   -39.730   -39.570    60.100    62.940     0.000     0.000    50.010   216.400   261.100     0.514     0.487   -31.970   -31.850   -31.640   -31.410   -31.270   -31.100   -31.110   -31.300   -31.750   -32.520    12.380   999.000   999.000   999.000   999.000   999.000     0.000   999.000   999.000   999.000   999.000
06 2002    25.7917     0.000     0.000     0.093   -39.850   -37.810   -38.940   -36.970    63.330    66.440     0.000     0.000    50.190   216.200   259.500     0.867     0.430   -31.930   -31.800   -31.600   -31.380   -31.230   -31.060   -31.070   -31.240   -31.690   -32.480    12.380   999.000   999.000   999.000   999.000   999.000     0.000   999.000   999.000   999.000   999.000
