11 2002     1.0417     0.000     0.000    -0.023   -23.980   -23.940   -23.400   -23.380    88.500    80.200     0.000     0.000    80.300    71.000   333.100     3.484     4.535   -21.530   -21.720   -21.070   -20.420   -20.190   -20.260   -20.500   -20.770   -21.050   -21.250    12.500   999.000   999.000   999.000   999.000   999.000     0.013   999.000   999.000   999.000   999.000
11 2002     1.1667     0.000    -0.001    -0.038   -21.900   -21.870   -21.320   -21.310    90.500    82.200     0.000     0.002    69.440    60.000   300.400     4.250     4.473   -21.510   -21.680   -21.040   -20.400   -20.170   -20.230   -20.470   -20.750   -21.020   -21.220    12.500   999.000   999.000   999.000   999.000   999.000     0.033   999.000   999.000   999.000   999.000
11 2002     1.2500    -0.001    -0.002     0.004   -21.410   -21.420   -20.880   -20.900    91.000    82.600     0.000     0.002    60.990    51.880   336.300     1.158     4.476   -21.460   -21.630   -20.990   -20.360   -20.130   -20.190   -20.430   -20.700   -20.960   -21.170    12.510   999.000   999.000   999.000   999.000   999.000     0.033   999.000   999.000   999.000   999.000
11 2002     1.5833     0.146     0.205    -0.775   -27.420   -25.440   -26.710   -24.980    84.900    79.300     0.000     0.000    80.900    77.100   375.100     3.493     4.547   -21.560   -21.710   -21.090   -20.470   -20.230   -20.300   -20.530   -20.790   -21.040   -21.250    12.540   999.000   999.000   999.000   999.000   999.000     0.000   999.000   999.000   999.000   999.000
11 2002     1.6250     0.208     0.308    -0.816   -26.740   -23.320   -26.060   -22.770    85.600    80.700     0.000     0.000   104.800    90.200   368.700     3.477     4.529   -21.600   -21.740   -21.120   -20.500   -20.260   -20.320   -20.550   -20.820   -21.110   -21.300    12.510   999.000   999.000   999.000   999.000   999.000     0.000   999.000   999.000   999.000   999.000
11 2002     1.6667     0.180     0.260    -0.439   -25.700   -24.140   -25.100   -23.480    86.700    80.200     0.000     0.000   172.600    90.200   368.300     3.473     4.524   -21.600   -21.740   -21.130   -20.500   -20.260   -20.320   -20.560   -20.830   -21.120   -21.300    12.520   999.000   999.000   999.000   999.000   999.000     0.000   999.000   999.000   999.000   999.000
11 2002     1.7500     0.023     0.031    -0.143   -25.490   -25.240   -24.530   -24.550    87.000    78.500     0.000     0.000   261.400    90.200   375.600     3.484     4.541   -21.570   -21.700   -21.100   -20.470   -20.240   -20.300   -20.530   -20.800   -21.070   -21.260    12.500   999.000   999.000   999.000   999.000   999.000     0.000   999.000   999.000   999.000   999.000
11 2002     1.7917     0.001     0.001    -0.333   -27.320   -26.710   -26.020   -26.110    85.100    77.500     0.000     0.000   261.300    90.200   374.500     3.494     4.552   -21.580   -21.720   -21.120   -20.490   -20.260   -20.320   -20.550   -20.810   -21.060   -21.260    12.510   999.000   999.000   999.000   999.000   999.000     0.000   999.000   999.000   999.000   999.000
11 2002     1.8333     0.000     0.000    -0.566   -28.700   -26.850   -27.610   -26.250    83.500    78.000     0.000     0.000   261.300    90.200   356.500     3.492     4.550   -21.620   -21.760   -21.160   -20.540   -20.300   -20.370   -20.590   -20.850   -21.120   -21.310    12.510   999.000   999.000   999.000   999.000   999.000     0.000   999.000   999.000   999.000   999.000
11 2002     1.8750     0.000     0.000    -0.472   -27.450   -25.460   -27.060   -24.780    85.100    79.300     0.000     0.000   214.300    90.300   367.700     3.483     4.537   -21.670   -21.790   -21.190   -20.570   -20.330   -20.390   -20.620   -20.890   -21.180   -21.360    12.510   999.000   999.000   999.000   999.000   999.000     0.000   999.000   999.000   999.000   999.000
11 2002     1.9167     0.000     0.000    -0.193   -25.760   -24.980   -25.270   -24.310    87.100    79.400     0.000     0.000   180.700    90.200   373.200     3.476     4.527   -21.670   -21.780   -21.180   -20.560   -20.320   -20.370   -20.600   -20.880   -21.160   -21.340    12.510   999.000   999.000   999.000   999.000   999.000     0.000   999.000   999.000   999.000   999.000
11 2002     1.9583     0.000     0.000    -0.047   -24.880   -24.610   -24.320   -23.950    87.700    79.600     0.000     0.000   180.700    91.400   372.500     3.470     4.521   -21.620   -21.740   -21.140   -20.520   -20.290   -20.340   -20.570   -20.850   -21.120   -21.310    12.510   999.000   999.000   999.000   999.000   999.000     0.000   999.000   999.000   999.000   999.000
11 2002     2.0417     0.000     0.000    -0.101   -24.140   -23.480   -23.660   -22.890    88.300    80.700     0.000     0.000   180.500   135.600   376.100     3.464     4.513   -21.570   -21.680   -21.090   -20.480   -20.240   -20.300   -20.530   -20.800   -21.080   -21.270    12.480   999.000   999.000   999.000   999.000   999.000     0.000   999.000   999.000   999.000   999.000
11 2002     2.0833     0.000     0.000    -0.058   -23.280   -22.840   -22.770   -22.250    89.300    81.300     0.000     0.000   150.300   144.100   376.900     3.467     4.512   -21.560   -21.660   -21.070   -20.460   -20.230   -20.280   -20.510   -20.790   -21.060   -21.250    12.490   999.000   999.000   999.000   999.000   999.000     0.007   999.000   999.000   999.000   999.000
11 2002     2.1250     0.000     0.000    -0.039   -23.120   -23.080   -22.540   -22.490    89.200    81.000     0.000     0.000   152.000   146.300   376.500     3.467     4.519   -21.530   -21.630   -21.050   -20.440   -20.200   -20.260   -20.490   -20.760   -21.030   -21.220    12.500   999.000   999.000   999.000   999.000   999.000     0.000   999.000   999.000   999.000   999.000
11 2002     2.5417     0.012     0.017    -0.079   -25.680   -25.470   -25.010   -24.920    86.500    78.600     0.000     0.000    55.960    57.580   366.900     3.497     4.564   -21.550   -21.620   -21.070   -20.470   -20.230   -20.290   -20.510   -20.770   -21.030   -21.230    12.500   999.000   999.000   999.000   999.000   999.000     0.000   999.000   999.000   999.000   999.000
11 2002     2.5833     0.071     0.113    -0.148   -25.740   -25.570   -25.100   -25.000    86.700    78.500     0.000     0.000   182.600   174.300   370.300     2.912     4.555   -21.570   -21.640   -21.080   -20.490   -20.250   -20.300   -20.520   -20.780   -21.060   -21.250    12.500   999.000   999.000   999.000   999.000   999.000     0.007   999.000   999.000   999.000   999.000
11 2002     2.6250     0.072     0.113    -0.100   -26.120   -26.590   -25.440   -26.060    86.400    77.400     0.000     0.000   288.000   243.600   365.800     1.752     4.551   -21.590   -21.650   -21.100   -20.500   -20.260   -20.310   -20.530   -20.790   -21.070   -21.270    12.500   999.000   999.000   999.000   999.000   999.000     0.007   999.000   999.000   999.000   999.000
11 2002     2.6667     0.102     0.160    -0.225   -26.490   -26.850   -25.800   -26.240    86.000    77.400     0.000     0.001   284.400   294.000   366.200     1.158     4.545   -21.600   -21.660   -21.110   -20.510   -20.280   -20.330   -20.540   -20.800   -21.090   -21.290    12.510   999.000   999.000   999.000   999.000   999.000     0.007   999.000   999.000   999.000   999.000
11 2002     2.7083     0.045     0.070    -0.065   -26.690   -27.140   -26.030   -26.560    85.700    76.800     0.000     0.003   250.400   277.600   368.800     2.315     4.547   -21.610   -21.660   -21.120   -20.520   -20.280   -20.330   -20.550   -20.810   -21.100   -21.290    12.510   999.000   999.000   999.000   999.000   999.000     0.216   999.000   999.000   999.000   999.000
11 2002     2.7500     0.013     0.020    -0.033   -27.430   -28.020   -26.760   -27.400    84.900    76.100     0.000     0.000   289.500   279.500   369.900     3.489     4.559   -21.620   -21.680   -21.130   -20.540   -20.300   -20.350   -20.560   -20.810   -21.120   -21.310    12.510   999.000   999.000   999.000   999.000   999.000     0.007   999.000   999.000   999.000   999.000
11 2002     2.7917     0.000     0.000     0.000   -27.950   -28.240   -27.260   -27.570    84.400    75.900     0.000     0.029   286.300   238.800   367.200     3.503     4.563   -21.650   -21.690   -21.150   -20.560   -20.320   -20.370   -20.590   -20.840   -21.140   -21.330    12.510   999.000   999.000   999.000   999.000   999.000     0.281   999.000   999.000   999.000   999.000
11 2002     2.8333     0.000     0.000    -0.029   -28.310   -28.370   -27.610   -27.670    84.000    75.900     0.000     0.000   288.200   274.500   368.200     3.505     4.549   -21.660   -21.710   -21.170   -20.580   -20.340   -20.390   -20.600   -20.860   -21.160   -21.340    12.510   999.000   999.000   999.000   999.000   999.000     0.007   999.000   999.000   999.000   999.000
11 2002     2.9167     0.000     0.000     0.002   -28.330   -28.640   -27.560   -28.000    84.000    75.300     0.000     0.001   285.500   278.500   369.200     3.503     4.552   -21.670   -21.710   -21.180   -20.590   -20.350   -20.400   -20.610   -20.870   -21.160   -21.350    12.510   999.000   999.000   999.000   999.000   999.000     0.007   999.000   999.000   999.000   999.000
11 2002     3.0833     0.000     0.000    -0.053   -30.950   -30.940   -30.140   -30.190    81.200    73.300     0.000     0.000   221.300   201.500   368.100     2.943     4.570   -21.740   -21.760   -21.230   -20.650   -20.410   -20.460   -20.670   -20.930   -21.230   -21.400    12.490   999.000   999.000   999.000   999.000   999.000     0.000   999.000   999.000   999.000   999.000
11 2002     3.1250     0.000     0.000    -0.102   -31.290   -31.160   -30.420   -30.390    80.900    73.100     0.000     0.000   192.200   174.700   368.000     2.950     4.579   -21.750   -21.770   -21.250   -20.670   -20.430   -20.480   -20.690   -20.950   -21.240   -21.420    12.500   999.000   999.000   999.000   999.000   999.000     0.000   999.000   999.000   999.000   999.000
11 2002     3.2917     0.000     0.000     0.034   -30.860   -31.440   -29.950   -30.600    81.300    72.400     0.000     0.000   138.400   131.500   370.500     3.539     4.580   -21.760   -21.770   -21.250   -20.670   -20.440   -20.490   -20.700   -20.960   -21.250   -21.420    12.490   999.000   999.000   999.000   999.000   999.000     0.000   999.000   999.000   999.000   999.000
11 2002     3.5000   999.000     0.094    -0.298   -32.670   -31.870   -31.870   -31.020    79.500    72.600     0.000     0.000   127.200   120.000   275.600     2.357     4.582   -21.860   -21.830   -21.330   -20.760   -20.520   -20.560   -20.770   -21.030   -21.340   -21.500    12.500   999.000   999.000   999.000   999.000   999.000     0.000   999.000   999.000   999.000   999.000
11 2002     3.5833   999.000     0.186    -0.163   -31.080   -31.010   -30.290   -30.140    81.000    72.900     0.000     0.000   136.800   128.100   276.500     3.533     4.585   -21.820   -21.790   -21.290   -20.720   -20.490   -20.520   -20.740   -21.010   -21.300   -21.460    12.500   999.000   999.000   999.000   999.000   999.000     0.000   999.000   999.000   999.000   999.000
11 2002     3.6667   999.000     0.364    -0.424   -31.340   -31.250   -30.510   -30.440    80.700    72.700     0.000     0.000   136.000   128.600   276.700     3.552     4.589   -21.810   -21.770   -21.270   -20.710   -20.470   -20.510   -20.720   -20.990   -21.290   -21.450    12.510   999.000   999.000   999.000   999.000   999.000     0.000   999.000   999.000   999.000   999.000
11 2002     3.7083   999.000     0.253    -0.344   -31.360   -31.020   -30.500   -30.270    80.700    73.400     0.000     0.000   139.400   131.100   277.000     2.357     4.582   -21.820   -21.770   -21.280   -20.710   -20.480   -20.510   -20.730   -20.990   -21.280   -21.440    12.500   999.000   999.000   999.000   999.000   999.000     0.000   999.000   999.000   999.000   999.000
11 2002     3.7500   999.000     0.159    -0.148   -30.420   -29.970   -29.730   -29.150    81.800    74.200     0.000     0.000   126.200   117.800   277.600     3.533     4.575   -21.820   -21.770   -21.270   -20.710   -20.470   -20.510   -20.720   -20.980   -21.280   -21.440    12.500   999.000   999.000   999.000   999.000   999.000     0.000   999.000   999.000   999.000   999.000
11 2002     3.7917   999.000     0.125    -0.174   -29.610   -29.130   -28.970   -28.360    82.700    75.100     0.000     0.000   113.300   105.200   278.000     3.529     4.565   -21.810   -21.750   -21.260   -20.700   -20.460   -20.490   -20.710   -20.980   -21.270   -21.430    12.500   999.000   999.000   999.000   999.000   999.000     0.000   999.000   999.000   999.000   999.000
11 2002     3.8333   999.000     0.152     0.147   -31.300   -30.750   -30.520   -30.100    80.100    72.500     0.000     0.000    96.300    88.000   277.800     2.363     4.596   -21.770   -21.720   -21.230   -20.670   -20.430   -20.470   -20.680   -20.940   -21.220   -21.390    12.500   999.000   999.000   999.000   999.000   999.000     0.000   999.000   999.000   999.000   999.000
11 2002     3.9167   999.000     0.087    -0.301   -32.710   -32.820   -31.860   -31.930    79.700    71.800     0.000     0.000    87.300    80.000   287.000     2.955     4.598   -21.840   -21.780   -21.290   -20.730   -20.500   -20.530   -20.740   -20.980   -21.290   -21.460    12.500   999.000   999.000   999.000   999.000   999.000     0.000   999.000   999.000   999.000   999.000
11 2002     3.9583     0.000     0.000    -0.416   -29.050   -29.910   -28.190   -28.920    83.900    75.200     0.000     0.000    94.900    85.400   358.600     3.526     4.565   -21.910   -21.830   -21.340   -20.790   -20.550   -20.570   -20.800   -21.080   -21.320   -21.470    12.500   999.000   999.000   999.000   999.000   999.000     0.000   999.000   999.000   999.000   999.000
11 2002     4.1250     0.000     0.000    -0.090   -21.350   -21.060   -20.740   -20.550    91.200    83.000     0.000     0.000    83.200    71.900   385.300     0.582     4.511   -21.630   -21.540   -21.070   -20.520   -20.280   -20.310   -20.530   -20.820   -21.030   -21.220    12.490   999.000   999.000   999.000   999.000   999.000     0.007   999.000   999.000   999.000   999.000
11 2002     4.1667     0.000     0.000    -0.050   -20.280   -20.160   -19.710   -19.640    92.000    83.700     0.000     0.000    78.600    67.460   380.000     0.000     4.508   -21.570   -21.480   -21.010   -20.460   -20.230   -20.260   -20.480   -20.750   -20.980   -21.170    12.500   999.000   999.000   999.000   999.000   999.000     0.013   999.000   999.000   999.000   999.000
11 2002     4.6667   999.000     1.047     0.031   -18.470   -18.210   -18.170   -17.770    93.600    85.600    12.520     0.002    83.700    88.300   265.700     0.000     4.350   -21.520   -21.370   -20.910   -20.380   -20.140   -20.170   -20.380   -20.650   -20.880   -21.090    12.490   999.000   999.000   999.000   999.000   999.000     0.059   999.000   999.000   999.000   999.000
11 2002     4.7083   999.000     1.101    -0.134   -17.730   -17.670   -17.320   -17.250    94.300    86.100    11.580     0.001    88.100    93.700   265.200     0.000     4.346   -21.500   -21.340   -20.880   -20.350   -20.110   -20.140   -20.350   -20.620   -20.850   -21.060    12.490   999.000   999.000   999.000   999.000   999.000     0.026   999.000   999.000   999.000   999.000
11 2002     4.7500     0.859     0.933    -0.239   -17.320   -17.170   -16.970   -16.780    94.700    86.500    11.130     0.001    95.800   104.800   264.900     0.992     4.375   -21.480   -21.320   -20.870   -20.330   -20.100   -20.130   -20.340   -20.600   -20.830   -21.050    12.490   999.000   999.000   999.000   999.000   999.000     0.026   999.000   999.000   999.000   999.000
11 2002     4.7917     0.758     0.734    -0.416   -17.190   -17.250   -16.770   -16.830    94.800    86.400     9.700     0.000    89.600    95.800   264.500     0.000     4.391   -21.470   -21.310   -20.850   -20.320   -20.080   -20.110   -20.320   -20.570   -20.810   -21.040    12.500   999.000   999.000   999.000   999.000   999.000     0.020   999.000   999.000   999.000   999.000
11 2002     4.8333   999.000     1.316    -0.348   -17.630   -17.740   -17.120   -17.340    94.500    86.000    10.440     0.000    78.400    84.600   263.900     0.987     4.401   -21.470   -21.300   -20.850   -20.320   -20.080   -20.110   -20.310   -20.560   -20.800   -21.030    12.490   999.000   999.000   999.000   999.000   999.000     0.046   999.000   999.000   999.000   999.000
11 2002     4.8750   999.000     1.040    -0.249   -17.690   -17.590   -17.290   -17.200    94.400    86.200    11.380     0.000    81.000    86.000   263.100     2.031     4.416   -21.480   -21.300   -20.850   -20.320   -20.090   -20.110   -20.320   -20.570   -20.820   -21.040    12.490   999.000   999.000   999.000   999.000   999.000     0.007   999.000   999.000   999.000   999.000
11 2002     4.9167   999.000     1.034    -0.107   -17.650   -17.730   -17.210   -17.310    94.400    86.000    10.210     0.000    94.400   102.100   262.600     2.146     4.425   -21.490   -21.300   -20.850   -20.330   -20.090   -20.120   -20.320   -20.570   -20.820   -21.040    12.490   999.000   999.000   999.000   999.000   999.000     0.026   999.000   999.000   999.000   999.000
11 2002     5.0417   999.000     0.970    -1.393   -20.380   -21.210   -19.590   -20.710    92.100    82.600    10.590     0.000    95.800   102.800   262.000     0.560     4.464   -21.510   -21.320   -20.870   -20.350   -20.110   -20.140   -20.340   -20.560   -20.830   -21.060    12.480   999.000   999.000   999.000   999.000   999.000     0.007   999.000   999.000   999.000   999.000
11 2002     5.0833   999.000     0.613    -2.210   -22.640   -23.630   -21.610   -23.100    90.000    80.300     8.980     0.000    99.200   106.800   261.800     0.551     4.420   -21.560   -21.370   -20.930   -20.420   -20.180   -20.200   -20.390   -20.610   -20.880   -21.110    12.490   999.000   999.000   999.000   999.000   999.000     0.000   999.000   999.000   999.000   999.000
11 2002     5.1667   999.000     0.347    -1.910   -25.500   -26.010   -24.890   -25.440    86.900    78.300     7.890     0.000   124.900   136.800   261.900     2.196     4.449   -21.700   -21.490   -21.040   -20.520   -20.290   -20.310   -20.510   -20.740   -21.010   -21.220    12.480   999.000   999.000   999.000   999.000   999.000     0.000   999.000   999.000   999.000   999.000
11 2002     5.5833   999.000     0.535    -0.020   -23.420   -23.370   -22.840   -22.780    89.100    80.800    19.410     0.075    47.210    48.950   259.600     0.000     1.474   -21.800   -21.520   -21.080   -20.560   -20.330   -20.360   -20.560   -20.830   -21.080   -21.260    12.490   999.000   999.000   999.000   999.000   999.000     0.189   999.000   999.000   999.000   999.000
11 2002     5.7500   999.000     0.533    -0.093   -20.880   -20.850   -20.330   -20.340    91.500    83.100    18.600    20.660    46.700   211.300   256.800     0.000     4.411   -21.700   -21.400   -20.970   -20.470   -20.240   -20.260   -20.460   -20.720   -20.970   -21.170    12.490   999.000   999.000   999.000   999.000   999.000    25.330   999.000   999.000   999.000   999.000
11 2002     5.7917   999.000     0.506    -0.274   -20.800   -20.770   -20.260   -20.290    91.500    83.200    16.420    18.180    47.790    63.940   256.500     1.536     4.398   -21.680   -21.380   -20.950   -20.450   -20.220   -20.250   -20.440   -20.690   -20.940   -21.150    12.490   999.000   999.000   999.000   999.000   999.000    23.390   999.000   999.000   999.000   999.000
11 2002     5.8333   999.000     0.442    -1.052   -21.750   -21.790   -20.950   -21.230    90.200    82.100    12.080    13.300    67.190    71.300   256.700     0.000     4.392   -21.670   -21.370   -20.940   -20.440   -20.210   -20.230   -20.420   -20.660   -20.920   -21.130    12.490   999.000   999.000   999.000   999.000   999.000    16.870   999.000   999.000   999.000   999.000
11 2002     5.8750   999.000     0.432    -1.544   -22.990   -22.940   -22.430   -22.440    89.300    81.100     8.150     9.020    75.700    79.600   257.300     0.550     4.396   -21.690   -21.390   -20.960   -20.460   -20.220   -20.240   -20.430   -20.660   -20.930   -21.140    12.490   999.000   999.000   999.000   999.000   999.000    12.530   999.000   999.000   999.000   999.000
11 2002     5.9167   999.000     0.404    -0.641   -22.930   -22.850   -22.480   -22.330    89.600    81.300     5.732     6.320    67.190    71.600   257.600     1.094     4.375   -21.740   -21.420   -20.990   -20.490   -20.260   -20.280   -20.470   -20.710   -20.970   -21.180    12.500   999.000   999.000   999.000   999.000   999.000     9.040   999.000   999.000   999.000   999.000
11 2002     5.9583   999.000     0.420    -1.842   -23.980   -23.770   -23.060   -23.170    88.100    80.200     2.836     3.272    87.900    91.500   257.600     3.300     4.388   -21.750   -21.430   -21.000   -20.500   -20.260   -20.280   -20.480   -20.710   -20.980   -21.180    12.490   999.000   999.000   999.000   999.000   999.000     7.150   999.000   999.000   999.000   999.000
11 2002     6.0417   999.000     0.386    -0.613   -24.530   -24.380   -23.820   -23.750    87.800    79.700     3.274     3.684    89.600    95.700   258.600     2.206     4.393   -21.800   -21.470   -21.040   -20.540   -20.310   -20.320   -20.520   -20.760   -21.040   -21.230    12.480   999.000   999.000   999.000   999.000   999.000     6.037   999.000   999.000   999.000   999.000
11 2002     6.0833   999.000     0.257    -0.044   -23.840   -23.650   -23.510   -23.100    88.800    80.700     3.971     4.385    78.100    81.900   259.000     1.654     4.384   -21.820   -21.480   -21.050   -20.560   -20.320   -20.340   -20.530   -20.780   -21.050   -21.240    12.480   999.000   999.000   999.000   999.000   999.000     6.383   999.000   999.000   999.000   999.000
11 2002     6.5833   999.000     0.313    -0.118   -28.610   -28.560   -28.100   -27.770    83.800    76.000     4.927     5.598   253.500   256.500   261.800     2.851     4.425   -22.040   -21.640   -21.210   -20.730   -20.500   -20.510   -20.710   -20.960   -21.240   -21.400    12.490   999.000   999.000   999.000   999.000   999.000     7.290   999.000   999.000   999.000   999.000
11 2002     6.7083   999.000     0.430    -0.737   -30.430   -29.800   -29.280   -29.180    81.300    74.000     2.539     3.222   276.400   289.200   263.400     3.337     4.448   -21.980   -21.580   -21.150   -20.670   -20.440   -20.450   -20.640   -20.860   -21.150   -21.330    12.490   999.000   999.000   999.000   999.000   999.000     4.136   999.000   999.000   999.000   999.000
11 2002     6.7500   999.000     0.176    -0.743   -32.410   -31.690   -31.380   -30.990    79.300    72.300     0.624     2.950   291.600   307.100   264.100     3.351     4.465   -22.010   -21.610   -21.180   -20.710   -20.470   -20.490   -20.660   -20.880   -21.170   -21.360    12.490   999.000   999.000   999.000   999.000   999.000     4.678   999.000   999.000   999.000   999.000
11 2002     6.8333   999.000     0.069    -0.757   -34.600   -33.810   -33.520   -32.980    77.000    70.200     0.184     4.639   309.200   317.400   265.900     2.805     4.491   -22.110   -21.690   -21.270   -20.790   -20.560   -20.570   -20.750   -20.970   -21.270   -21.450    12.480   999.000   999.000   999.000   999.000   999.000     5.292   999.000   999.000   999.000   999.000
11 2002     6.8750   999.000     0.060    -0.541   -35.530   -34.500   -34.610   -33.590    76.300    69.680     0.869     3.739   302.300   310.800   266.600     2.887     4.499   -22.160   -21.740   -21.320   -20.840   -20.610   -20.620   -20.800   -21.020   -21.330   -21.490    12.490   999.000   999.000   999.000   999.000   999.000     4.887   999.000   999.000   999.000   999.000
11 2002     7.0417   999.000     0.172     0.000   -27.610   -27.620   -26.910   -26.830    84.800    76.600     0.304     3.349   293.800   304.500   270.900     2.763     4.425   -22.080   -21.640   -21.210   -20.740   -20.520   -20.520   -20.720   -20.980   -21.240   -21.390    12.470   999.000   999.000   999.000   999.000   999.000     6.200   999.000   999.000   999.000   999.000
11 2002     7.0833   999.000     0.235    -0.022   -27.460   -27.410   -26.710   -26.680    84.800    76.700     1.066     2.940   288.100   294.700   271.800     1.664     4.423   -22.020   -21.590   -21.160   -20.690   -20.460   -20.470   -20.660   -20.920   -21.180   -21.350    12.470   999.000   999.000   999.000   999.000   999.000     5.553   999.000   999.000   999.000   999.000
11 2002     7.1667   999.000     0.197    -0.326   -30.360   -30.100   -29.270   -29.420    81.700    73.700     3.259     5.271   279.600   287.100   272.900     2.858     4.450   -22.000   -21.560   -21.140   -20.670   -20.440   -20.450   -20.620   -20.840   -21.140   -21.330    12.480   999.000   999.000   999.000   999.000   999.000     6.599   999.000   999.000   999.000   999.000
11 2002     7.5000   999.000     0.125    -0.183   -30.080   -30.010   -29.380   -29.220    82.100    74.100     5.207     6.215   250.300   253.700   277.800     1.924     4.447   -22.090   -21.630   -21.210   -20.740   -20.520   -20.520   -20.700   -20.950   -21.230   -21.400    12.480   999.000   999.000   999.000   999.000   999.000     7.640   999.000   999.000   999.000   999.000
11 2002     7.6667   999.000     0.698     0.146   -30.300   -30.450   -29.430   -29.540    81.900    73.400     5.742     6.511   207.700   208.900   279.100     3.335     4.451   -22.130   -21.660   -21.230   -20.770   -20.550   -20.560   -20.740   -20.990   -21.270   -21.420    12.480   999.000   999.000   999.000   999.000   999.000     8.580   999.000   999.000   999.000   999.000
11 2002     7.7500   999.000     0.189    -0.250   -29.530   -29.130   -28.790   -28.360    82.700    75.100     4.347     4.913   199.200   197.900   279.400     3.318     4.438   -22.110   -21.640   -21.210   -20.760   -20.530   -20.540   -20.720   -20.960   -21.250   -21.410    12.480   999.000   999.000   999.000   999.000   999.000     6.363   999.000   999.000   999.000   999.000
11 2002     7.7917   999.000     0.140    -0.110   -28.380   -28.000   -27.610   -27.250    83.900    76.200     5.616     6.312   186.700   186.000   279.400     3.315     4.427   -22.110   -21.630   -21.200   -20.750   -20.530   -20.520   -20.710   -20.960   -21.240   -21.400    12.480   999.000   999.000   999.000   999.000   999.000     8.550   999.000   999.000   999.000   999.000
11 2002     7.8333   999.000     0.183    -0.031   -26.880   -26.700   -26.120   -25.980    85.500    77.500     8.140     9.140   195.100   196.000   279.200     3.305     4.420   -22.100   -21.610   -21.180   -20.730   -20.510   -20.500   -20.700   -20.960   -21.220   -21.370    12.480   999.000   999.000   999.000   999.000   999.000    10.860   999.000   999.000   999.000   999.000
11 2002     7.8750   999.000     0.274    -0.140   -26.300   -26.310   -25.580   -25.590    85.900    77.700     7.620     8.550   184.900   187.000   279.100     2.756     4.412   -22.040   -21.560   -21.130   -20.680   -20.460   -20.460   -20.640   -20.900   -21.160   -21.330    12.490   999.000   999.000   999.000   999.000   999.000    11.860   999.000   999.000   999.000   999.000
11 2002     7.9167   999.000     0.326    -0.205   -26.640   -26.620   -25.940   -25.950    85.600    77.400     7.850     8.800   177.800   177.200   278.900     2.769     4.420   -22.010   -21.530   -21.100   -20.650   -20.430   -20.430   -20.610   -20.850   -21.120   -21.300    12.490   999.000   999.000   999.000   999.000   999.000    11.580   999.000   999.000   999.000   999.000
11 2002     8.0417   999.000     0.285    -0.675   -28.080   -28.140   -27.360   -27.420    84.100    75.800     7.160     8.030   153.300   152.100   277.700     2.777     4.429   -22.020   -21.540   -21.110   -20.660   -20.440   -20.440   -20.620   -20.850   -21.130   -21.310    12.470   999.000   999.000   999.000   999.000   999.000     9.760   999.000   999.000   999.000   999.000
11 2002     8.1667   999.000     0.140    -0.547   -29.820   -29.860   -29.060   -29.110    82.300    74.200     7.780     8.740   146.600   148.000   275.400     3.345     4.442   -22.080   -21.590   -21.160   -20.720   -20.490   -20.490   -20.670   -20.900   -21.180   -21.360    12.480   999.000   999.000   999.000   999.000   999.000     9.720   999.000   999.000   999.000   999.000
11 2002     8.2917   999.000     0.189    -0.359   -27.680   -27.540   -26.890   -26.760    84.600    76.600     8.760     9.850   161.900   162.000   273.900     3.325     4.419   -22.140   -21.630   -21.200   -20.750   -20.530   -20.530   -20.710   -20.970   -21.240   -21.400    12.480   999.000   999.000   999.000   999.000   999.000    11.000   999.000   999.000   999.000   999.000
11 2002     8.4167   999.000     0.198    -0.336   -28.590   -28.370   -27.960   -27.670    83.600    75.800     7.680     8.620   126.300   129.900   271.500     2.221     4.427   -22.070   -21.570   -21.140   -20.700   -20.480   -20.480   -20.650   -20.880   -21.160   -21.340    12.480   999.000   999.000   999.000   999.000   999.000    10.270   999.000   999.000   999.000   999.000
11 2002     8.5833   999.000     0.403    -0.171   -26.450   -26.420   -25.790   -25.740    85.800    77.600     7.570     8.600   120.100   123.200   268.600     2.765     4.417   -22.040   -21.520   -21.100   -20.660   -20.440   -20.430   -20.610   -20.850   -21.120   -21.300    12.490   999.000   999.000   999.000   999.000   999.000     9.790   999.000   999.000   999.000   999.000
11 2002     8.6667   999.000     0.653    -0.306   -26.030   -26.120   -25.330   -25.460    86.200    77.900     4.793     5.437   132.100   134.600   266.800     3.312     4.413   -22.020   -21.510   -21.080   -20.640   -20.420   -20.410   -20.590   -20.830   -21.090   -21.280    12.480   999.000   999.000   999.000   999.000   999.000     7.660   999.000   999.000   999.000   999.000
11 2002     8.7500   999.000     0.380    -0.998   -29.210   -28.900   -27.580   -28.460    82.600    73.800     2.300     3.821   247.500   251.600   265.800     3.346     4.457   -22.010   -21.490   -21.070   -20.630   -20.410   -20.410   -20.570   -20.780   -21.050   -21.250    12.480   999.000   999.000   999.000   999.000   999.000     6.736   999.000   999.000   999.000   999.000
11 2002     8.7917   999.000     0.130    -1.092   -34.600   -34.200   -33.330   -33.640    76.500    69.200     0.286     4.840   288.900   302.800   265.200     3.369     4.497   -22.060   -21.550   -21.120   -20.690   -20.460   -20.460   -20.610   -20.790   -21.080   -21.290    12.480   999.000   999.000   999.000   999.000   999.000     6.625   999.000   999.000   999.000   999.000
11 2002     8.8333   999.000     0.056    -0.858   -36.870   -36.700   -35.860   -35.940    74.500    67.130     0.497     3.575   277.500   299.400   264.600     3.384     4.519   -22.180   -21.660   -21.240   -20.810   -20.570   -20.570   -20.720   -20.900   -21.210   -21.410    12.480   999.000   999.000   999.000   999.000   999.000     5.194   999.000   999.000   999.000   999.000
11 2002     8.9167   999.000     0.039    -0.699   -37.830   -37.830   -36.870   -36.810    73.800    66.330     1.528     4.028   272.100   286.500   263.400     3.394     4.535   -22.340   -21.810   -21.380   -20.950   -20.730   -20.720   -20.890   -21.100   -21.440   -21.580    12.480   999.000   999.000   999.000   999.000   999.000     6.834   999.000   999.000   999.000   999.000
11 2002     8.9583   999.000     0.031    -0.685   -38.630   -38.600   -37.560   -37.550    72.700    65.440     2.962     5.604   267.700   286.700   263.100     3.402     4.536   -22.370   -21.840   -21.410   -20.980   -20.760   -20.750   -20.920   -21.130   -21.470   -21.610    12.480   999.000   999.000   999.000   999.000   999.000    11.470   999.000   999.000   999.000   999.000
11 2002     9.0833   999.000     0.020    -0.571   -41.310   -41.300   -39.610   -39.610    69.780    62.640     1.070     4.243   278.200   294.400   262.300     3.423     4.563   -22.440   -21.910   -21.470   -21.050   -20.830   -20.820   -20.980   -21.190   -21.540   -21.680    12.470   999.000   999.000   999.000   999.000   999.000     7.420   999.000   999.000   999.000   999.000
11 2002     9.2500   999.000     0.011    -0.565   -42.520   -42.430   -39.660   -39.660    68.210    61.320     1.319     3.329   286.300   291.800   262.400     2.949     4.573   -22.510   -21.960   -21.530   -21.100   -20.890   -20.870   -21.040   -21.260   -21.600   -21.730    12.470   999.000   999.000   999.000   999.000   999.000     4.443   999.000   999.000   999.000   999.000
11 2002     9.6667   999.000     0.630     1.133   -41.160   -40.860   -39.600   -39.490    69.660    62.670     2.943     5.575   276.600   287.200   262.900     3.422     4.490   -22.590   -22.010   -21.570   -21.150   -20.940   -20.920   -21.090   -21.340   -21.660   -21.750    12.520   999.000   999.000   999.000   999.000   999.000     7.830   999.000   999.000   999.000   999.000
11 2002     9.7500   999.000     0.138    -0.131   -40.750   -40.520   -39.410   -39.290    70.000    62.950     4.172     7.880   268.100   274.700   263.600     3.419     4.552   -22.520   -21.940   -21.500   -21.080   -20.870   -20.850   -21.020   -21.250   -21.570   -21.690    12.490   999.000   999.000   999.000   999.000   999.000     9.540   999.000   999.000   999.000   999.000
11 2002     9.7917   999.000     0.023    -0.346   -40.510   -40.550   -39.440   -39.290    70.500    63.190     5.570     8.870   268.300   278.500   263.900     3.415     4.536   -22.520   -21.940   -21.500   -21.080   -20.870   -20.860   -21.020   -21.240   -21.570   -21.700    12.480   999.000   999.000   999.000   999.000   999.000    10.170   999.000   999.000   999.000   999.000
11 2002     9.8333   999.000     0.020    -0.310   -40.300   -40.300   -39.270   -39.100    70.700    63.430     7.420     9.570   272.200   276.400   264.200     3.414     4.550   -22.530   -21.950   -21.500   -21.090   -20.880   -20.870   -21.030   -21.260   -21.580   -21.700    12.480   999.000   999.000   999.000   999.000   999.000    10.380   999.000   999.000   999.000   999.000
11 2002     9.8750   999.000     0.018    -0.311   -39.800   -39.800   -38.920   -38.660    71.300    63.970     7.530     9.600   271.000   272.700   264.400     3.411     4.544   -22.540   -21.950   -21.510   -21.090   -20.880   -20.870   -21.040   -21.270   -21.580   -21.700    12.480   999.000   999.000   999.000   999.000   999.000    10.580   999.000   999.000   999.000   999.000
11 2002     9.9167   999.000     0.018    -0.291   -39.390   -39.400   -38.560   -38.290    71.700    64.360     8.580     9.980   269.300   270.800   264.400     3.409     4.537   -22.540   -21.940   -21.500   -21.090   -20.880   -20.860   -21.030   -21.270   -21.570   -21.690    12.480   999.000   999.000   999.000   999.000   999.000    10.950   999.000   999.000   999.000   999.000
11 2002    10.0417   999.000     0.028    -0.259   -37.250   -37.150   -36.340   -36.090    74.200    66.690     9.440    11.010   238.500   247.700   265.000     2.915     4.513   -22.480   -21.880   -21.430   -21.020   -20.810   -20.800   -20.970   -21.210   -21.500   -21.630    12.450   999.000   999.000   999.000   999.000   999.000    12.110   999.000   999.000   999.000   999.000
11 2002    10.1250   999.000     0.055    -0.175   -34.350   -34.230   -33.430   -33.270    77.400    69.650    12.580    14.790   235.500   246.400   265.100     3.388     4.486   -22.450   -21.840   -21.390   -20.980   -20.770   -20.760   -20.930   -21.180   -21.450   -21.580    12.470   999.000   999.000   999.000   999.000   999.000    17.460   999.000   999.000   999.000   999.000
11 2002    10.2500   999.000     0.062    -0.205   -33.810   -33.500   -32.900   -32.670    78.100    70.600    13.530    15.550   225.700   232.300   265.700     3.386     4.474   -22.400   -21.780   -21.330   -20.920   -20.710   -20.700   -20.870   -21.100   -21.390   -21.530    12.460   999.000   999.000   999.000   999.000   999.000    17.210   999.000   999.000   999.000   999.000
11 2002    10.3333   999.000     0.118    -0.294   -31.110   -30.960   -30.250   -30.150    81.000    73.100    15.240    17.130   220.600   261.900   266.300     3.376     4.452   -22.340   -21.710   -21.270   -20.860   -20.650   -20.640   -20.810   -21.050   -21.320   -21.460    12.470   999.000   999.000   999.000   999.000   999.000    19.380   999.000   999.000   999.000   999.000
11 2002    10.5417   999.000     0.278    -0.277   -28.010   -27.870   -27.280   -27.200    84.300    76.200    14.830    16.470   209.400   230.500   268.300     1.347     4.429   -22.230   -21.590   -21.140   -20.740   -20.530   -20.520   -20.680   -20.910   -21.180   -21.340    12.470   999.000   999.000   999.000   999.000   999.000    18.940   999.000   999.000   999.000   999.000
11 2002    10.5833   999.000     0.425    -0.047   -27.100   -27.010   -26.370   -26.320    85.200    77.000    15.190    16.850   204.200   225.900   268.800     2.214     4.426   -22.230   -21.590   -21.140   -20.730   -20.520   -20.510   -20.670   -20.910   -21.170   -21.330    12.470   999.000   999.000   999.000   999.000   999.000    20.430   999.000   999.000   999.000   999.000
11 2002    10.7500   999.000     0.346    -0.109   -27.000   -27.090   -26.350   -26.380    85.100    76.800    11.100    12.370   207.400   209.700   269.400     1.646     4.425   -22.190   -21.530   -21.080   -20.680   -20.470   -20.450   -20.610   -20.830   -21.110   -21.290    12.470   999.000   999.000   999.000   999.000   999.000    14.980   999.000   999.000   999.000   999.000
11 2002    10.7917   999.000     0.307    -0.078   -27.400   -27.460   -26.740   -26.760    84.700    76.500    10.250    11.440   206.400   206.000   269.700     3.296     4.430   -22.200   -21.540   -21.090   -20.690   -20.470   -20.460   -20.620   -20.840   -21.110   -21.290    12.470   999.000   999.000   999.000   999.000   999.000    15.470   999.000   999.000   999.000   999.000
11 2002    10.8333   999.000     0.287    -0.249   -27.990   -28.130   -27.360   -27.400    84.000    75.800    10.980    12.240   210.100   213.600   269.700     2.755     4.434   -22.210   -21.550   -21.090   -20.700   -20.480   -20.470   -20.620   -20.840   -21.120   -21.300    12.470   999.000   999.000   999.000   999.000   999.000    15.230   999.000   999.000   999.000   999.000
11 2002    10.8750   999.000     0.168    -1.152   -29.870   -31.150   -29.510   -30.140    81.900    72.400     6.429     7.240   218.800   219.700   269.900     3.319     4.470   -22.220   -21.560   -21.110   -20.710   -20.490   -20.480   -20.630   -20.820   -21.110   -21.300    12.470   999.000   999.000   999.000   999.000   999.000    10.620   999.000   999.000   999.000   999.000
11 2002    10.9167   999.000     0.119    -1.008   -32.790   -33.440   -32.240   -32.530    79.000    70.400     6.821     7.750   225.800   226.600   269.700     3.343     4.484   -22.280   -21.620   -21.170   -20.770   -20.550   -20.540   -20.680   -20.870   -21.160   -21.350    12.470   999.000   999.000   999.000   999.000   999.000     9.730   999.000   999.000   999.000   999.000
11 2002    11.1667   999.000     0.026    -0.939   -38.810   -38.780   -26.920   -37.520    72.500    65.210    10.350    11.610   258.700   258.500   268.700     3.376     4.534   -22.580   -21.890   -21.430   -21.030   -20.820   -20.810   -20.960   -21.170   -21.490   -21.630    12.460   999.000   999.000   999.000   999.000   999.000    13.110   999.000   999.000   999.000   999.000
11 2002    11.6667   999.000     0.619     2.115   -39.560   -39.380   -38.260   -38.370    71.800    64.030     6.768     7.680   262.900   261.300   272.200     3.377     4.546   -22.700   -21.940   -21.480   -21.080   -20.880   -20.860   -21.020   -21.250   -21.550   -21.660    12.500   999.000   999.000   999.000   999.000   999.000     8.820   999.000   999.000   999.000   999.000
11 2002    11.7083   999.000     0.462     2.032   -39.680   -39.690   -38.390   -38.670    71.800    63.550     6.385     7.280   253.200   260.700   272.300     3.380     4.550   -22.690   -21.920   -21.460   -21.070   -20.860   -20.840   -21.000   -21.220   -21.520   -21.640    12.500   999.000   999.000   999.000   999.000   999.000     8.890   999.000   999.000   999.000   999.000
11 2002    11.7500   999.000     0.117    -0.274   -40.840   -41.020   -39.450   -39.590    70.200    62.480     7.140     8.120   249.400   252.600   272.500     3.382     4.556   -22.680   -21.920   -21.450   -21.070   -20.860   -20.840   -20.980   -21.180   -21.500   -21.640    12.480   999.000   999.000   999.000   999.000   999.000     9.280   999.000   999.000   999.000   999.000
11 2002    11.8333   999.000     0.021    -0.390   -41.550   -41.300   -39.660   -39.650    69.250    62.450     7.050     8.020   255.200   259.800   273.100     3.395     4.555   -22.760   -21.980   -21.520   -21.130   -20.920   -20.900   -21.050   -21.260   -21.590   -21.710    12.480   999.000   999.000   999.000   999.000   999.000     9.860   999.000   999.000   999.000   999.000
11 2002    11.8750   999.000     0.018    -0.372   -41.160   -40.840   -39.630   -39.450    69.670    62.830     6.765     7.710   258.100   260.700   273.700     2.330     4.551   -22.780   -21.990   -21.530   -21.140   -20.940   -20.920   -21.070   -21.290   -21.600   -21.720    12.470   999.000   999.000   999.000   999.000   999.000     8.830   999.000   999.000   999.000   999.000
11 2002    11.9167   999.000     0.022    -0.354   -41.950   -41.970   -39.660   -39.660    68.810    61.530     5.912     6.850   261.600   264.600   274.000     3.394     4.566   -22.780   -21.990   -21.530   -21.140   -20.930   -20.910   -21.060   -21.270   -21.600   -21.720    12.460   999.000   999.000   999.000   999.000   999.000     7.350   999.000   999.000   999.000   999.000
11 2002    12.0417   999.000     0.013    -0.156   -43.930   -42.290   -39.660   -39.650    66.350    61.870     2.486     3.300   276.700   286.700   274.600     3.398     4.569   -22.860   -22.050   -21.580   -21.200   -20.990   -20.970   -21.120   -21.330   -21.660   -21.770    12.450   999.000   999.000   999.000   999.000   999.000     4.123   999.000   999.000   999.000   999.000
11 2002    12.0833   999.000     0.011    -0.085   -41.830   -39.570   -39.660   -38.370    68.600    64.540     1.862     2.501   281.100   296.400   274.300     3.394     4.560   -22.890   -22.070   -21.600   -21.210   -21.010   -20.990   -21.140   -21.370   -21.680   -21.780    12.460   999.000   999.000   999.000   999.000   999.000     3.175   999.000   999.000   999.000   999.000
11 2002    12.6667   999.000     0.386     0.368   -35.080   -31.730   -33.860   -30.730    76.400    72.400     2.548     3.189   116.100   132.900   272.500     3.332     4.488   -22.840   -21.930   -21.440   -21.050   -20.850   -20.820   -20.980   -21.230   -21.520   -21.620    12.470   999.000   999.000   999.000   999.000   999.000     4.848   999.000   999.000   999.000   999.000
11 2002    12.7083   999.000     0.376     0.302   -32.690   -31.470   -31.600   -30.540    79.200    72.600     2.299     3.149   116.900   136.700   272.400     3.330     4.485   -22.750   -21.850   -21.360   -20.980   -20.780   -20.750   -20.900   -21.140   -21.430   -21.550    12.460   999.000   999.000   999.000   999.000   999.000     4.136   999.000   999.000   999.000   999.000
11 2002    12.7500   999.000     0.276     0.375   -31.000   -28.900   -29.830   -28.040    81.200    75.200     2.077     3.464   116.900   153.400   272.300     3.312     4.456   -22.720   -21.800   -21.320   -20.930   -20.730   -20.700   -20.860   -21.100   -21.380   -21.510    12.460   999.000   999.000   999.000   999.000   999.000     3.874   999.000   999.000   999.000   999.000
11 2002    12.7917   999.000     0.168     0.116   -30.080   -29.580   -29.220   -28.700    82.000    74.500     2.491     3.275   117.000   137.400   272.300     3.309     4.457   -22.660   -21.740   -21.260   -20.880   -20.670   -20.650   -20.800   -21.030   -21.310   -21.450    12.460   999.000   999.000   999.000   999.000   999.000     3.861   999.000   999.000   999.000   999.000
11 2002    12.8333   999.000     0.128     0.106   -29.940   -29.510   -29.100   -28.680    82.100    74.500     2.425     2.943   117.000   125.000   272.400     2.208     4.448   -22.620   -21.700   -21.220   -20.840   -20.640   -20.620   -20.760   -20.990   -21.260   -21.410    12.460   999.000   999.000   999.000   999.000   999.000     3.404   999.000   999.000   999.000   999.000
11 2002    12.8750   999.000     0.110     0.140   -30.050   -29.810   -29.270   -29.010    81.900    74.200     2.644     3.259   116.900    99.300   272.300     3.314     4.452   -22.610   -21.690   -21.200   -20.820   -20.620   -20.600   -20.750   -20.970   -21.240   -21.400    12.460   999.000   999.000   999.000   999.000   999.000     3.933   999.000   999.000   999.000   999.000
11 2002    12.9167   999.000     0.148     0.129   -29.920   -29.710   -29.200   -28.930    82.100    74.300     3.301     3.824   109.900    93.400   272.200     3.304     4.453   -22.600   -21.680   -21.190   -20.820   -20.610   -20.590   -20.740   -20.960   -21.230   -21.390    12.460   999.000   999.000   999.000   999.000   999.000     4.508   999.000   999.000   999.000   999.000
11 2002    12.9583   999.000     0.214     0.077   -29.390   -29.150   -28.700   -28.410    82.600    74.900     4.726     4.748    89.300    91.900   272.100     3.300     4.454   -22.600   -21.670   -21.180   -20.810   -20.610   -20.580   -20.730   -20.950   -21.220   -21.380    12.460   999.000   999.000   999.000   999.000   999.000     5.645   999.000   999.000   999.000   999.000
11 2002    13.0833   999.000     0.219     0.052   -28.450   -28.190   -27.810   -27.500    83.600    75.900     4.634     5.013    93.400    96.300   271.800     3.291     4.444   -22.590   -21.640   -21.150   -20.780   -20.580   -20.550   -20.700   -20.920   -21.180   -21.350    12.450   999.000   999.000   999.000   999.000   999.000     5.612   999.000   999.000   999.000   999.000
11 2002    13.5000   999.000     0.252     0.025   -27.300   -27.270   -26.620   -26.530    84.800    76.800     6.998     7.820    55.120    59.420   269.800     2.195     4.443   -22.640   -21.630   -21.130   -20.760   -20.560   -20.530   -20.680   -20.900   -21.160   -21.320    12.460   999.000   999.000   999.000   999.000   999.000     8.850   999.000   999.000   999.000   999.000
11 2002    13.5833   999.000     0.557    -0.102   -27.110   -27.050   -26.500   -26.380    85.000    77.000     7.420     8.270    60.100    65.400   269.800     3.291     4.424   -22.630   -21.610   -21.110   -20.730   -20.540   -20.510   -20.650   -20.870   -21.130   -21.300    12.450   999.000   999.000   999.000   999.000   999.000     9.750   999.000   999.000   999.000   999.000
11 2002    13.6667   999.000     0.715    -0.160   -26.450   -26.440   -25.770   -25.750    85.700    77.500     8.320     9.250    67.500    71.300   269.900     1.646     4.432   -22.630   -21.590   -21.090   -20.720   -20.520   -20.500   -20.640   -20.860   -21.110   -21.280    12.460   999.000   999.000   999.000   999.000   999.000    10.600   999.000   999.000   999.000   999.000
11 2002    13.7083   999.000     0.753    -0.200   -26.760   -26.900   -25.930   -26.190    85.300    77.000     7.710     8.580    68.200    72.100   269.900     2.197     4.428   -22.620   -21.590   -21.080   -20.710   -20.510   -20.490   -20.630   -20.840   -21.090   -21.270    12.450   999.000   999.000   999.000   999.000   999.000     9.880   999.000   999.000   999.000   999.000
11 2002    13.7500   999.000     0.633    -0.010   -26.630   -26.450   -26.070   -25.800    85.500    77.600     8.120     9.010    69.720    74.100   270.100     1.643     4.429   -22.630   -21.590   -21.080   -20.710   -20.520   -20.490   -20.630   -20.840   -21.100   -21.280    12.460   999.000   999.000   999.000   999.000   999.000    10.590   999.000   999.000   999.000   999.000
11 2002    13.7917   999.000     0.377    -0.132   -26.540   -26.550   -25.800   -25.870    85.600    77.400     8.400     9.370    68.670    72.700   270.500     3.296     4.432   -22.640   -21.590   -21.080   -20.710   -20.510   -20.490   -20.630   -20.840   -21.100   -21.280    12.450   999.000   999.000   999.000   999.000   999.000    11.020   999.000   999.000   999.000   999.000
11 2002    13.8333   999.000     0.305    -0.187   -26.590   -26.530   -25.940   -25.840    85.600    77.500     7.890     8.790    67.990    71.800   271.000     2.191     4.433   -22.650   -21.590   -21.080   -20.710   -20.520   -20.490   -20.630   -20.840   -21.100   -21.280    12.460   999.000   999.000   999.000   999.000   999.000    10.060   999.000   999.000   999.000   999.000
11 2002    13.8750   999.000     0.310    -0.338   -27.080   -27.010   -26.350   -26.350    85.000    77.000     8.020     8.950    65.010    68.740   271.300     3.292     4.438   -22.650   -21.600   -21.080   -20.720   -20.520   -20.490   -20.630   -20.840   -21.100   -21.270    12.450   999.000   999.000   999.000   999.000   999.000    10.640   999.000   999.000   999.000   999.000
11 2002    13.9167   999.000     0.266    -0.240   -26.700   -26.610   -26.070   -25.930    85.500    77.400     8.910     9.950    61.380    66.180   271.600     3.288     4.427   -22.670   -21.610   -21.100   -20.730   -20.530   -20.500   -20.640   -20.850   -21.110   -21.290    12.460   999.000   999.000   999.000   999.000   999.000    11.240   999.000   999.000   999.000   999.000
11 2002    13.9583   999.000     0.319    -0.083   -26.270   -26.170   -25.680   -25.510    85.900    77.900     9.200    10.270    60.280    65.510   272.000     2.198     4.423   -22.680   -21.610   -21.100   -20.730   -20.530   -20.500   -20.640   -20.860   -21.120   -21.290    12.460   999.000   999.000   999.000   999.000   999.000    11.520   999.000   999.000   999.000   999.000
11 2002    14.2500   999.000     0.438    -0.049   -26.120   -26.100   -25.490   -25.430    86.000    77.900     8.710     9.710    60.640    65.590   276.400     1.098     4.424   -22.710   -21.600   -21.070   -20.700   -20.510   -20.480   -20.620   -20.830   -21.090   -21.270    12.460   999.000   999.000   999.000   999.000   999.000    11.240   999.000   999.000   999.000   999.000
11 2002    14.3333   999.000     0.233    -0.362   -27.970   -28.160   -27.050   -27.460    84.300    75.700     5.566     6.351    66.270    71.800   278.000     2.206     4.448   -22.720   -21.600   -21.080   -20.710   -20.520   -20.490   -20.630   -20.820   -21.070   -21.260    12.450   999.000   999.000   999.000   999.000   999.000     8.150   999.000   999.000   999.000   999.000
11 2002    14.5000   999.000     0.177    -0.064   -29.740   -28.200   -29.230   -27.490    81.900    76.200     2.989     3.443    81.900    83.300   281.200     3.306     4.457   -22.880   -21.730   -21.200   -20.830   -20.640   -20.610   -20.740   -20.960   -21.230   -21.380    12.460   999.000   999.000   999.000   999.000   999.000     5.122   999.000   999.000   999.000   999.000
11 2002    14.5833   999.000     0.543    -0.118   -27.280   -26.830   -26.680   -26.110    84.700    77.300     4.370     4.781    87.600    90.100   282.800     3.293     4.441   -22.870   -21.700   -21.170   -20.800   -20.600   -20.570   -20.710   -20.930   -21.190   -21.340    12.460   999.000   999.000   999.000   999.000   999.000     6.148   999.000   999.000   999.000   999.000
11 2002    14.6667   999.000     0.862    -0.223   -26.090   -26.220   -25.430   -25.540    86.000    77.700     2.446     2.736   120.500   125.700   283.600     3.290     4.442   -22.820   -21.630   -21.100   -20.730   -20.540   -20.510   -20.650   -20.860   -20.790    21.280    12.450   999.000   999.000   999.000   999.000   999.000     4.018   999.000   999.000   999.000   999.000
11 2002    14.7500   999.000     0.415    -0.154   -28.950   -29.740   -28.510   -28.880    83.000    73.900     1.973     2.641   138.900   135.100   284.000     3.329     4.477   -22.810   -21.620   -21.090   -20.730   -20.530   -20.510   -20.640   -20.820   -21.050   -21.250    12.450   999.000   999.000   999.000   999.000   999.000     3.077   999.000   999.000   999.000   999.000
11 2002    14.8333   999.000     0.103    -0.221   -33.600   -32.940   -32.830   -32.080    78.200    71.000     2.061     2.619   137.200   135.300   284.300     3.353     4.507   -22.950   -21.750   -21.210   -20.850   -20.660   -20.630   -20.760   -20.930   -21.190   -21.370    12.450   999.000   999.000   999.000   999.000   999.000     2.986   999.000   999.000   999.000   999.000
11 2002    14.8750   999.000     0.094    -0.166   -35.130   -34.010   -34.290   -33.140    76.600    70.100     1.970     2.272   150.500   135.300   284.300     3.363     4.519   -23.020   -21.820   -21.270   -20.910   -20.720   -20.690   -20.820   -21.000   -21.260   -21.430    12.450   999.000   999.000   999.000   999.000   999.000     2.528   999.000   999.000   999.000   999.000
11 2002    14.9167   999.000     0.063    -0.186   -35.630   -33.760   -34.640   -32.920    76.200    70.500     1.945     2.168   154.900   135.400   284.400     3.359     4.513   -23.090   -21.870   -21.330   -20.970   -20.770   -20.740   -20.870   -21.060   -21.340   -21.500    12.450   999.000   999.000   999.000   999.000   999.000     2.561   999.000   999.000   999.000   999.000
11 2002    14.9583   999.000     0.065    -0.178   -36.000   -34.250   -35.010   -33.250    75.800    69.850     1.603     2.072   155.300   135.400   284.100     3.370     4.526   -23.120   -21.900   -21.350   -20.990   -20.800   -20.770   -20.890   -21.090   -21.370   -21.520    12.450   999.000   999.000   999.000   999.000   999.000     2.241   999.000   999.000   999.000   999.000
11 2002    15.0833   999.000     0.072    -0.052   -34.170   -33.220   -33.120   -32.290    77.800    70.900     1.889     1.233   148.100   135.400   284.100     3.344     4.500   -23.170   -21.920   -21.370   -21.000   -20.810   -20.780   -20.910   -21.130   -21.420   -21.550    12.450   999.000   999.000   999.000   999.000   999.000     1.372   999.000   999.000   999.000   999.000
11 2002    15.1250   999.000     0.086    -0.131   -33.020   -32.200   -32.000   -31.300    78.900    72.000     1.680     0.975   127.600   135.400   283.600     3.336     4.491   -23.150   -21.900   -21.340   -20.980   -20.780   -20.750   -20.890   -21.110   -21.390   -21.520    12.450   999.000   999.000   999.000   999.000   999.000     1.143   999.000   999.000   999.000   999.000
11 2002    15.2917   999.000     0.163    -0.018   -29.060   -28.930   -28.330   -28.170    83.000    75.100     3.954     4.479    95.900    97.500   281.900     3.316     4.455   -23.020   -21.750   -21.190   -20.830   -20.640   -20.610   -20.740   -20.950   -21.210   -21.370    12.450   999.000   999.000   999.000   999.000   999.000     5.475   999.000   999.000   999.000   999.000
11 2002    15.4167   999.000     0.397     0.010   -25.790   -25.690   -25.280   -25.050    86.200    78.400     8.160     7.660    93.400    98.000   280.400     3.289     4.423   -22.980   -21.690   -21.120   -20.760   -20.570   -20.540   -20.680   -20.900   -21.130   -21.290    12.450   999.000   999.000   999.000   999.000   999.000    11.630   999.000   999.000   999.000   999.000
11 2002    15.5000   999.000     0.540    -0.032   -24.740   -24.760   -24.070   -24.120    87.400    79.100    11.500    11.540    91.600    95.900   279.400     3.286     4.407   -22.920   -21.620   -21.060   -20.690   -20.500   -20.470   -20.610   -20.820   -21.050   -21.230    12.450   999.000   999.000   999.000   999.000   999.000    15.960   999.000   999.000   999.000   999.000
11 2002    15.5833   999.000     0.822    -0.528   -25.090   -25.100   -24.470   -24.480    87.000    78.800    15.160    15.120    82.500    91.000   277.200     3.275     4.410   -22.920   -21.610   -21.050   -20.680   -20.490   -20.460   -20.590   -20.800   -21.040   -21.220    12.450   999.000   999.000   999.000   999.000   999.000    17.770   999.000   999.000   999.000   999.000
11 2002    15.6250   999.000     0.928    -0.728   -25.010   -25.020   -24.390   -24.390    87.100    78.900    15.610    15.980    83.900    92.700   276.900     2.732     4.406   -22.930   -21.620   -21.050   -20.680   -20.490   -20.470   -20.600   -20.800   -21.040   -21.220    12.450   999.000   999.000   999.000   999.000   999.000    17.760   999.000   999.000   999.000   999.000
11 2002    15.6667   999.000     0.971    -0.779   -24.840   -24.870   -24.220   -24.260    87.300    79.000    14.010    14.640    83.700    98.900   276.800     3.281     4.405   -22.940   -21.620   -21.050   -20.680   -20.490   -20.460   -20.600   -20.800   -21.040   -21.220    12.450   999.000   999.000   999.000   999.000   999.000    16.760   999.000   999.000   999.000   999.000
11 2002    15.7500   999.000     0.598    -0.249   -24.390   -24.390   -23.790   -23.780    87.700    79.500    12.660    13.570    76.900    91.200   276.600     3.270     4.404   -22.940   -21.610   -21.040   -20.680   -20.490   -20.460   -20.590   -20.790   -21.040   -21.220    12.450   999.000   999.000   999.000   999.000   999.000    15.390   999.000   999.000   999.000   999.000
11 2002    15.7917   999.000     0.542    -0.171   -24.550   -24.530   -23.920   -23.910    87.600    79.300    12.370    13.340    73.500    84.500   276.400     3.284     4.409   -22.940   -21.610   -21.030   -20.670   -20.480   -20.450   -20.580   -20.780   -21.030   -21.210    12.450   999.000   999.000   999.000   999.000   999.000    15.630   999.000   999.000   999.000   999.000
11 2002    15.8333   999.000     0.520    -0.177   -24.630   -24.630   -24.000   -24.020    87.500    79.200    11.950    12.980    72.600    78.100   276.200     3.280     4.408   -22.950   -21.610   -21.030   -20.670   -20.480   -20.450   -20.580   -20.780   -21.030   -21.210    12.460   999.000   999.000   999.000   999.000   999.000    14.970   999.000   999.000   999.000   999.000
11 2002    15.8750   999.000     0.471    -0.158   -24.840   -24.830   -24.230   -24.220    87.300    79.100    11.410    12.470    68.760    74.700   275.900     2.737     4.413   -22.960   -21.620   -21.040   -20.670   -20.490   -20.460   -20.580   -20.780   -21.030   -21.210    12.450   999.000   999.000   999.000   999.000   999.000    14.600   999.000   999.000   999.000   999.000
11 2002    15.9167   999.000     0.344    -0.158   -24.940   -24.910   -24.320   -24.310    87.200    79.000    10.370    11.370    66.350    72.200   275.800     3.284     4.416   -22.970   -21.620   -21.040   -20.680   -20.490   -20.460   -20.590   -20.790   -21.030   -21.220    12.450   999.000   999.000   999.000   999.000   999.000    13.400   999.000   999.000   999.000   999.000
11 2002    16.0417   999.000     0.377    -0.225   -25.130   -25.110   -24.510   -24.510    87.000    78.800    10.940    12.080    60.950   183.100   274.300     3.285     4.414   -22.990   -21.630   -21.040   -20.680   -20.490   -20.460   -20.590   -20.790   -21.040   -21.220    12.430   999.000   999.000   999.000   999.000   999.000    13.770   999.000   999.000   999.000   999.000
11 2002    16.0833   999.000     0.473    -0.213   -25.380   -25.350   -24.740   -24.730    86.800    78.600    10.940    12.100    58.650    67.720   273.900     3.983     4.419   -23.010   -21.640   -21.050   -20.690   -20.500   -20.470   -20.600   -20.800   -21.050   -21.230    12.440   999.000   999.000   999.000   999.000   999.000    13.810   999.000   999.000   999.000   999.000
11 2002    16.1250   999.000     0.350    -0.165   -25.420   -25.380   -24.800   -24.760    86.700    78.600    10.850    12.010    62.150    84.400   273.400     3.297     4.418   -23.030   -21.650   -21.060   -20.700   -20.510   -20.480   -20.610   -20.810   -21.060   -21.240    12.440   999.000   999.000   999.000   999.000   999.000    14.040   999.000   999.000   999.000   999.000
11 2002    16.1667   999.000     0.492    -0.091   -25.320   -25.280   -24.700   -24.660    86.900    78.700    11.090    12.220    64.110   150.100   273.100     3.293     4.415   -23.040   -21.660   -21.070   -20.710   -20.520   -20.490   -20.610   -20.810   -21.060   -21.240    12.440   999.000   999.000   999.000   999.000   999.000    14.290   999.000   999.000   999.000   999.000
11 2002    16.2500   999.000     0.473     0.002   -24.980   -24.910   -24.410   -24.280    87.100    79.100     6.653     7.360    51.260    56.120   273.900     3.286     4.410   -23.050   -21.660   -21.070   -20.710   -20.520   -20.490   -20.610   -20.820   -21.060   -21.240    12.440   999.000   999.000   999.000   999.000   999.000     9.070   999.000   999.000   999.000   999.000
11 2002    16.3750   999.000     0.406     0.027   -24.550   -24.530   -23.980   -23.920    87.600    79.400     6.153     6.812    40.000    44.430   273.600     3.289     4.408   -23.040   -21.650   -21.050   -20.680   -20.490   -20.460   -20.590   -20.790   -21.030   -21.210    12.450   999.000   999.000   999.000   999.000   999.000     8.790   999.000   999.000   999.000   999.000
11 2002    16.5000   999.000     0.434    -0.453   -26.140   -26.140   -25.190   -25.560    86.100    77.700     4.668     5.334    42.590    47.480   273.500     3.297     4.433   -23.060   -21.650   -21.050   -20.690   -20.500   -20.470   -20.590   -20.770   -21.010   -21.200    12.450   999.000   999.000   999.000   999.000   999.000     6.148   999.000   999.000   999.000   999.000
11 2002    16.5833   999.000     0.902    -0.696   -28.340   -27.890   -27.700   -27.220    83.800    76.100     5.138     5.870    39.640    42.950   273.400     3.311     4.448   -23.160   -21.730   -21.120   -20.760   -20.580   -20.540   -20.670   -20.860   -21.120   -21.290    12.450   999.000   999.000   999.000   999.000   999.000     6.566   999.000   999.000   999.000   999.000
11 2002    16.6667   999.000     1.144    -1.096   -27.740   -27.500   -27.060   -26.830    84.400    76.500     4.236     4.788    36.760    40.080   273.400     3.302     4.442   -23.170   -21.740   -21.120   -20.760   -20.580   -20.540   -20.670   -20.870   -21.120   -21.290    12.450   999.000   999.000   999.000   999.000   999.000     5.351   999.000   999.000   999.000   999.000
11 2002    16.7083   999.000     0.825    -0.700   -26.420   -26.300   -25.950   -25.600    85.700    77.700     4.792     5.282    38.200    42.090   273.800     3.297     4.431   -23.180   -21.740   -21.120   -20.760   -20.570   -20.540   -20.670   -20.870   -21.120   -21.280    12.450   999.000   999.000   999.000   999.000   999.000     6.246   999.000   999.000   999.000   999.000
11 2002    16.7500   999.000     0.476    -0.213   -25.590   -25.530   -25.030   -24.840    86.500    78.500     4.613     5.053    38.570    42.370   274.100     3.288     4.422   -23.160   -21.720   -21.100   -20.740   -20.560   -20.520   -20.650   -20.850   -21.100   -21.260    12.450   999.000   999.000   999.000   999.000   999.000     5.867   999.000   999.000   999.000   999.000
11 2002    16.7917   999.000     0.496    -0.022   -24.970   -24.860   -24.420   -24.190    87.100    79.100     4.139     4.656    45.860    49.690   274.400     3.278     4.412   -23.150   -21.710   -21.090   -20.720   -20.540   -20.500   -20.630   -20.840   -21.080   -21.250    12.440   999.000   999.000   999.000   999.000   999.000     5.449   999.000   999.000   999.000   999.000
11 2002    16.8333   999.000     0.518    -0.037   -24.760   -24.710   -24.120   -24.080    87.400    79.200     3.781     4.457    44.350    47.890   274.800     3.274     4.412   -23.140   -21.700   -21.070   -20.710   -20.520   -20.490   -20.620   -20.820   -21.060   -21.230    12.440   999.000   999.000   999.000   999.000   999.000     5.305   999.000   999.000   999.000   999.000
11 2002    16.8750   999.000     0.382    -0.154   -25.220   -25.180   -24.510   -24.550    86.900    78.700     4.463     5.043    46.860    51.030   275.200     3.284     4.415   -23.130   -21.690   -21.070   -20.700   -20.520   -20.490   -20.610   -20.800   -21.040   -21.220    12.440   999.000   999.000   999.000   999.000   999.000     6.011   999.000   999.000   999.000   999.000
11 2002    16.9167   999.000     0.343    -0.146   -25.250   -25.110   -24.620   -24.480    86.900    78.800     4.331     4.907    51.010    60.100   275.400     3.286     4.424   -23.140   -21.700   -21.070   -20.710   -20.520   -20.490   -20.610   -20.810   -21.050   -21.230    12.440   999.000   999.000   999.000   999.000   999.000     6.056   999.000   999.000   999.000   999.000
11 2002    16.9583   999.000     0.312    -0.072   -26.260   -26.160   -25.290   -25.600    86.000    77.700     4.731     5.154   216.400   216.100   275.700     3.295     4.430   -23.150   -21.700   -21.070   -20.710   -20.520   -20.490   -20.610   -20.800   -21.040   -21.230    12.450   999.000   999.000   999.000   999.000   999.000     5.965   999.000   999.000   999.000   999.000
11 2002    17.0833   999.000     0.099    -0.197   -32.950   -32.970   -31.790   -32.280    79.200    71.000     2.922     3.865   324.400   297.400   275.400     3.351     4.489   -23.280   -21.830   -21.190   -20.840   -20.640   -20.610   -20.720   -20.890   -21.150   -21.330    12.440   999.000   999.000   999.000   999.000   999.000     4.345   999.000   999.000   999.000   999.000
11 2002    17.2500   999.000     0.064    -0.221   -35.320   -34.550   -34.540   -33.500    76.300    69.760     2.600     3.168    40.930    23.750   274.700     3.359     4.502   -23.490   -22.010   -21.370   -21.000   -20.820   -20.780   -20.900   -21.090   -21.380   -21.520    12.440   999.000   999.000   999.000   999.000   999.000     3.535   999.000   999.000   999.000   999.000
11 2002    17.5000   999.000     0.271     0.022   -25.500   -24.650   -25.050   -23.970    86.400    79.400     1.905     2.134   109.200   108.000   275.700     3.293     4.426   -23.300   -21.800   -21.140   -20.770   -20.580   -20.550   -20.680   -20.890   -21.130   -21.280    12.450   999.000   999.000   999.000   999.000   999.000     3.012   999.000   999.000   999.000   999.000
11 2002    17.5833   999.000     0.867    -0.442   -23.650   -23.640   -23.040   -23.010    88.400    80.200     2.109     1.893   123.500   108.100   276.300     2.745     4.417   -23.220   -21.720   -21.060   -20.700   -20.510   -20.470   -20.600   -20.800   -21.030   -21.210    12.440   999.000   999.000   999.000   999.000   999.000     2.502   999.000   999.000   999.000   999.000
11 2002    17.6250   999.000     1.005    -0.556   -23.270   -23.310   -22.710   -22.730    88.800    80.500     2.347     2.493   123.400   108.100   276.400     3.292     4.419   -23.200   -21.700   -21.040   -20.680   -20.500   -20.460   -20.580   -20.780   -21.010   -21.190    12.440   999.000   999.000   999.000   999.000   999.000     2.822   999.000   999.000   999.000   999.000
11 2002    17.6667   999.000     1.117    -0.528   -22.950   -23.150   -22.380   -22.590    89.100    80.600     2.345     2.433   120.900   108.100   276.500     3.287     4.408   -23.180   -21.680   -21.020   -20.660   -20.470   -20.440   -20.560   -20.760   -20.990   -21.170    12.440   999.000   999.000   999.000   999.000   999.000     3.077   999.000   999.000   999.000   999.000
11 2002    17.7083   999.000     1.050    -0.480   -22.700   -22.820   -22.140   -22.260    89.400    81.000     3.655     2.893   100.400   108.000   276.500     3.281     4.410   -23.170   -21.680   -21.020   -20.650   -20.470   -20.430   -20.560   -20.750   -20.980   -21.160    12.450   999.000   999.000   999.000   999.000   999.000     3.757   999.000   999.000   999.000   999.000
11 2002    17.7500   999.000     0.963    -0.189   -22.590   -22.620   -22.000   -22.090    89.500    81.100     3.789     2.996    94.200    96.700   276.500     2.736     4.410   -23.160   -21.680   -21.010   -20.650   -20.460   -20.430   -20.550   -20.750   -20.970   -21.160    12.440   999.000   999.000   999.000   999.000   999.000     3.842   999.000   999.000   999.000   999.000
11 2002    17.7917   999.000     0.502    -0.025   -23.080   -23.220   -22.380   -22.680    89.100    80.500     4.139     3.263    86.400    87.900   276.700     3.282     4.410   -23.160   -21.670   -21.010   -20.640   -20.460   -20.430   -20.540   -20.730   -20.960   -21.150    12.440   999.000   999.000   999.000   999.000   999.000     3.920   999.000   999.000   999.000   999.000
11 2002    17.8333   999.000     0.601    -0.135   -24.270   -24.450   -23.420   -23.920    88.000    79.300     4.523     3.586    84.300    87.100   276.600     2.740     4.414   -23.180   -21.680   -21.010   -20.650   -20.470   -20.440   -20.550   -20.730   -20.960   -21.160    12.440   999.000   999.000   999.000   999.000   999.000     4.299   999.000   999.000   999.000   999.000
11 2002    17.8750   999.000     0.264    -0.099   -24.950   -24.840   -24.390   -24.230    87.100    79.200     5.454     5.910    81.500    83.300   276.600     3.283     4.408   -23.230   -21.720   -21.050   -20.690   -20.500   -20.470   -20.580   -20.770   -21.010   -21.190    12.440   999.000   999.000   999.000   999.000   999.000     7.070   999.000   999.000   999.000   999.000
11 2002    17.9167   999.000     0.551    -0.048   -24.360   -24.150   -23.900   -23.520    87.700    79.900     6.631     8.210    79.600    82.800   276.900     2.728     4.403   -23.250   -21.740   -21.070   -20.700   -20.520   -20.480   -20.600   -20.800   -21.030   -21.210    12.440   999.000   999.000   999.000   999.000   999.000    10.320   999.000   999.000   999.000   999.000
11 2002    17.9583   999.000     0.541    -0.048   -23.880   -23.820   -23.300   -23.220    88.200    80.100     7.990     8.930    76.800    80.900   277.100     3.274     4.402   -23.250   -21.730   -21.060   -20.690   -20.510   -20.470   -20.590   -20.790   -21.020   -21.200    12.440   999.000   999.000   999.000   999.000   999.000    10.390   999.000   999.000   999.000   999.000
11 2002    18.0417   999.000     0.553    -0.069   -24.080   -24.020   -23.490   -23.430    88.100    79.900     9.110    10.120    74.300    79.200   277.600     3.277     4.405   -23.240   -21.720   -21.040   -20.680   -20.490   -20.460   -20.580   -20.770   -21.010   -21.190    12.430   999.000   999.000   999.000   999.000   999.000    12.750   999.000   999.000   999.000   999.000
11 2002    18.0833   999.000     0.635    -0.035   -24.000   -23.970   -23.400   -23.390    88.100    79.900     9.140    10.120    75.800    81.300   277.900     3.279     4.405   -23.240   -21.730   -21.040   -20.680   -20.490   -20.460   -20.580   -20.770   -21.010   -21.190    12.440   999.000   999.000   999.000   999.000   999.000    11.770   999.000   999.000   999.000   999.000
11 2002    18.2083   999.000     0.481    -0.021   -24.350   -24.180   -23.850   -23.580    87.700    79.700     7.790     8.610    76.700    80.900   278.600     3.251     4.347   -23.280   -21.750   -21.070   -20.700   -20.520   -20.480   -20.600   -20.790   -21.030   -21.210    12.440   999.000   999.000   999.000   999.000   999.000    11.190   999.000   999.000   999.000   999.000
11 2002    18.3333   999.000     0.466     0.000   -24.160   -24.220   -23.520   -23.620    88.000    79.700     9.590    10.590    74.000    79.500   279.400     2.720     4.378   -23.270   -21.740   -21.050   -20.680   -20.500   -20.470   -20.580   -20.770   -21.010   -21.190    12.440   999.000   999.000   999.000   999.000   999.000    12.050   999.000   999.000   999.000   999.000
11 2002    18.5000   999.000     0.511    -0.079   -24.880   -24.910   -24.210   -24.310    87.300    79.000     9.210    10.250    72.300    79.500   280.800     3.287     4.415   -23.300   -21.770   -21.070   -20.700   -20.520   -20.480   -20.600   -20.780   -21.020   -21.200    12.440   999.000   999.000   999.000   999.000   999.000    11.810   999.000   999.000   999.000   999.000
11 2002    18.5833   999.000     0.808    -0.963   -25.470   -25.320   -24.900   -24.710    86.700    78.600     8.530     9.520    71.900    78.000   281.400     2.729     4.348   -23.340   -21.800   -21.100   -20.730   -20.550   -20.510   -20.620   -20.810   -21.050   -21.230    12.440   999.000   999.000   999.000   999.000   999.000    11.360   999.000   999.000   999.000   999.000
11 2002    18.6667   999.000     1.185    -1.457   -24.480   -24.570   -23.870   -23.940    87.700    79.300     7.500     8.330    65.570    71.300   282.100     3.284     4.382   -23.340   -21.800   -21.090   -20.720   -20.540   -20.500   -20.620   -20.820   -21.050   -21.220    12.440   999.000   999.000   999.000   999.000   999.000     9.680   999.000   999.000   999.000   999.000
11 2002    18.7083   999.000     1.034    -1.097   -24.510   -24.610   -23.860   -24.000    87.600    79.300     7.480     8.300    64.250    69.500   282.300     3.286     4.381   -23.330   -21.790   -21.080   -20.710   -20.530   -20.490   -20.610   -20.800   -21.030   -21.210    12.440   999.000   999.000   999.000   999.000   999.000     9.490   999.000   999.000   999.000   999.000
11 2002    18.7500   999.000     0.825    -0.490   -24.630   -24.700   -23.980   -24.090    87.500    79.200     7.460     8.270    62.390    68.210   282.500     3.284     4.374   -23.320   -21.790   -21.070   -20.700   -20.520   -20.490   -20.600   -20.790   -21.020   -21.200    12.440   999.000   999.000   999.000   999.000   999.000     9.600   999.000   999.000   999.000   999.000
11 2002    18.7917   999.000     0.504    -0.089   -24.740   -24.710   -24.120   -24.110    87.400    79.200     7.680     8.540    60.710    66.820   282.800     3.278     4.377   -23.330   -21.790   -21.080   -20.710   -20.520   -20.490   -20.600   -20.790   -21.030   -21.210    12.440   999.000   999.000   999.000   999.000   999.000     9.680   999.000   999.000   999.000   999.000
11 2002    18.8333   999.000     0.691    -0.038   -24.650   -24.590   -24.070   -23.980    87.500    79.300     7.900     8.730    61.440    66.810   283.300     3.282     4.386   -23.340   -21.800   -21.080   -20.710   -20.530   -20.490   -20.610   -20.800   -21.030   -21.210    12.440   999.000   999.000   999.000   999.000   999.000    10.260   999.000   999.000   999.000   999.000
11 2002    18.9167   999.000     0.511    -0.071   -25.040   -25.060   -24.360   -24.450    87.100    78.900     6.966     7.690    64.400    70.400   283.800     3.293     4.365   -23.340   -21.810   -21.090   -20.720   -20.530   -20.500   -20.610   -20.800   -21.030   -21.210    12.440   999.000   999.000   999.000   999.000   999.000     8.720   999.000   999.000   999.000   999.000
11 2002    18.9583   999.000     0.298    -0.155   -25.390   -25.360   -24.690   -24.750    86.800    78.600     6.599     7.320    66.360    71.700   283.900     3.292     4.373   -23.350   -21.820   -21.090   -20.720   -20.540   -20.510   -20.620   -20.800   -21.040   -21.220    12.440   999.000   999.000   999.000   999.000   999.000     8.470   999.000   999.000   999.000   999.000
11 2002    19.0417   999.000     0.403    -0.133   -25.730   -25.620   -25.030   -25.000    86.400    78.300     7.820     8.650    63.020    69.530   284.100     3.292     4.377   -23.370   -21.830   -21.100   -20.730   -20.550   -20.510   -20.620   -20.810   -21.050   -21.230    12.420   999.000   999.000   999.000   999.000   999.000    11.030   999.000   999.000   999.000   999.000
11 2002    19.0833   999.000     0.425    -0.081   -25.770   -25.610   -25.200   -24.970    86.400    78.400     8.630     9.520    65.370    72.600   284.200     3.287     4.371   -23.380   -21.840   -21.110   -20.740   -20.560   -20.520   -20.630   -20.820   -21.060   -21.240    12.420   999.000   999.000   999.000   999.000   999.000    11.190   999.000   999.000   999.000   999.000
11 2002    19.1667   999.000     0.462    -0.033   -24.650   -24.150   -24.260   -23.530    87.400    79.700     8.480     9.320    70.700    76.900   284.200     3.281     4.376   -23.400   -21.860   -21.120   -20.750   -20.570   -20.530   -20.650   -20.850   -21.070   -21.240    12.440   999.000   999.000   999.000   999.000   999.000    11.730   999.000   999.000   999.000   999.000
11 2002    19.5833   999.000     1.088    -0.932   -22.790   -22.800   -22.210   -22.250    89.300    81.000    15.710    17.560    54.190    76.900   282.900     3.272     4.404   -23.310   -21.790   -21.040   -20.660   -20.480   -20.450   -20.560   -20.740   -20.960   -21.150    12.440   999.000   999.000   999.000   999.000   999.000    21.150   999.000   999.000   999.000   999.000
11 2002    19.6667   999.000     1.189    -1.414   -22.760   -22.770   -22.190   -22.220    89.300    81.000    14.570    16.300    61.190    73.900   282.800     3.793     4.387   -23.320   -21.800   -21.040   -20.660   -20.480   -20.450   -20.560   -20.740   -20.970   -21.150    12.440   999.000   999.000   999.000   999.000   999.000    18.510   999.000   999.000   999.000   999.000
11 2002    19.7500   999.000     0.970    -0.530   -22.310   -22.310   -21.760   -21.760    89.800    81.500    15.740    17.710    57.610    87.000   282.400     3.260     4.385   -23.320   -21.800   -21.040   -20.660   -20.480   -20.450   -20.560   -20.750   -20.970   -21.150    12.440   999.000   999.000   999.000   999.000   999.000    20.820   999.000   999.000   999.000   999.000
11 2002    19.7917   999.000     0.774    -0.047   -22.490   -22.480   -21.920   -21.930    89.600    81.300    16.490    18.580    52.060   110.900   282.800     2.723     4.407   -23.320   -21.790   -21.030   -20.660   -20.470   -20.440   -20.550   -20.730   -20.960   -21.140    12.440   999.000   999.000   999.000   999.000   999.000    21.890   999.000   999.000   999.000   999.000
11 2002    19.8750   999.000     0.724    -0.008   -22.910   -22.930   -22.370   -22.390    89.200    80.900    15.590    17.480    59.680   170.000   283.100     3.268     4.400   -23.330   -21.810   -21.040   -20.670   -20.480   -20.450   -20.550   -20.740   -20.970   -21.150    12.440   999.000   999.000   999.000   999.000   999.000    19.870   999.000   999.000   999.000   999.000
11 2002    20.0417   999.000     0.728     0.006   -22.870   -22.870   -22.310   -22.320    89.200    80.900    17.730    20.020    55.080   297.100   283.600     2.717     4.404   -23.320   -21.810   -21.030   -20.660   -20.470   -20.440   -20.550   -20.730   -20.960   -21.140    12.420   999.000   999.000   999.000   999.000   999.000    23.590   999.000   999.000   999.000   999.000
11 2002    20.0833   999.000     0.777    -0.001   -23.280   -23.270   -22.730   -22.730    88.900    80.600    19.170    21.710    51.800   184.000   283.700     3.270     4.413   -23.340   -21.810   -21.040   -20.660   -20.480   -20.440   -20.550   -20.730   -20.960   -21.150    12.420   999.000   999.000   999.000   999.000   999.000    25.760   999.000   999.000   999.000   999.000
11 2002    20.5000   999.000     0.535    -0.010   -24.130   -24.110   -23.500   -23.530    88.000    79.700    15.920    18.020    49.690   355.000   285.000     3.273     4.414   -23.390   -21.870   -21.080   -20.700   -20.510   -20.480   -20.590   -20.770   -21.000   -21.170    12.440   999.000   999.000   999.000   999.000   999.000    21.400   999.000   999.000   999.000   999.000
11 2002    20.6667   999.000     1.120    -2.521   -24.510   -24.520   -23.900   -23.910    87.600    79.300    15.960    18.080    53.160   354.700   284.700     3.272     4.418   -23.420   -21.900   -21.100   -20.720   -20.530   -20.500   -20.610   -20.790   -21.020   -21.190    12.440   999.000   999.000   999.000   999.000   999.000    20.510   999.000   999.000   999.000   999.000
11 2002    20.7917   999.000     0.554    -0.092   -24.480   -24.470   -23.900   -23.870    87.700    79.500    15.150    17.160    56.290   354.700   284.800     3.268     4.414   -23.440   -21.920   -21.120   -20.730   -20.550   -20.510   -20.620   -20.790   -21.030   -21.210    12.440   999.000   999.000   999.000   999.000   999.000    19.910   999.000   999.000   999.000   999.000
11 2002    20.8333   999.000     0.608    -0.008   -24.090   -24.070   -23.500   -23.480    88.100    79.800    15.010    16.960    55.570   354.900   285.000     2.182     4.411   -23.450   -21.920   -21.120   -20.730   -20.550   -20.510   -20.620   -20.800   -21.030   -21.200    12.430   999.000   999.000   999.000   999.000   999.000    20.000   999.000   999.000   999.000   999.000
11 2002    20.9167   999.000     0.601    -0.001   -23.850   -23.850   -23.270   -23.270    88.300    80.000    14.160    16.030    58.390   354.900   285.400     2.706     4.387   -23.420   -21.910   -21.100   -20.710   -20.530   -20.490   -20.600   -20.780   -21.010   -21.180    12.440   999.000   999.000   999.000   999.000   999.000    18.890   999.000   999.000   999.000   999.000
11 2002    21.1667   999.000     0.350    -0.010   -24.360   -24.350   -23.760   -23.760    87.800    79.500    13.280    15.030    55.430   354.900   284.700     3.265     4.413   -23.440   -21.930   -21.110   -20.720   -20.540   -20.500   -20.610   -20.780   -21.010   -21.190    12.430   999.000   999.000   999.000   999.000   999.000    18.180   999.000   999.000   999.000   999.000
11 2002    21.4167   999.000     0.576    -0.004   -23.600   -23.590   -23.050   -22.990    88.500    80.400    12.660    14.310    56.220   354.900   284.900     3.218     4.352   -23.470   -21.970   -21.140   -20.750   -20.560   -20.520   -20.630   -20.820   -21.040   -21.210    12.430   999.000   999.000   999.000   999.000   999.000    16.820   999.000   999.000   999.000   999.000
11 2002    21.6667   999.000     1.377    -2.563   -22.840   -22.830   -22.260   -22.270    89.200    80.900    17.360    19.660    55.640   355.000   283.600     2.689     3.651   -23.380   -21.910   -21.080   -20.680   -20.500   -20.470   -20.570   -20.740   -20.960   -21.140    12.430   999.000   999.000   999.000   999.000   999.000    22.900   999.000   999.000   999.000   999.000
11 2002    21.7083   999.000     0.983    -1.768   -23.190   -23.190   -22.620   -22.640    88.900    80.600    17.320    19.640    54.600   355.000   283.300     2.725     4.376   -23.380   -21.910   -21.080   -20.690   -20.500   -20.470   -20.570   -20.740   -20.960   -21.140    12.430   999.000   999.000   999.000   999.000   999.000    22.760   999.000   999.000   999.000   999.000
11 2002    21.7500   999.000     0.783    -0.698   -23.340   -23.340   -22.770   -22.790    88.700    80.500    17.170    19.470    54.360   325.400   283.100     2.691     4.374   -23.390   -21.920   -21.090   -20.690   -20.500   -20.470   -20.570   -20.740   -20.970   -21.150    12.430   999.000   999.000   999.000   999.000   999.000    22.540   999.000   999.000   999.000   999.000
11 2002    21.7917   999.000     0.543    -0.095   -23.570   -23.560   -22.990   -22.990    88.500    80.300    17.880    20.300    51.050    62.500   283.200     2.699     4.387   -23.400   -21.930   -21.090   -20.700   -20.510   -20.480   -20.580   -20.750   -20.970   -21.160    12.430   999.000   999.000   999.000   999.000   999.000    23.800   999.000   999.000   999.000   999.000
11 2002    21.9167   999.000     0.536     0.014   -24.410   -24.400   -23.800   -23.820    87.700    79.500    17.730    20.180    50.290    59.630   283.000     1.618     4.405   -23.420   -21.950   -21.110   -20.720   -20.540   -20.500   -20.600   -20.770   -21.000   -21.180    12.430   999.000   999.000   999.000   999.000   999.000    24.000   999.000   999.000   999.000   999.000
11 2002    22.0833   999.000     0.441     0.007   -25.870   -25.860   -25.230   -25.250    86.300    78.100    18.920    21.570    46.420    57.170   282.100     2.173     2.207   -23.480   -22.020   -21.170   -20.770   -20.590   -20.540   -20.640   -20.800   -21.040   -21.220    12.420   999.000   999.000   999.000   999.000   999.000    25.060   999.000   999.000   999.000   999.000
11 2002    22.1667   999.000     0.235     0.011   -26.380   -26.370   -25.710   -25.720    85.800    77.600    18.510    21.070    54.890    60.780   281.900     1.637     4.442   -23.500   -22.040   -21.180   -20.780   -20.600   -20.560   -20.660   -20.830   -21.060   -21.230    12.420   999.000   999.000   999.000   999.000   999.000    24.290   999.000   999.000   999.000   999.000
11 2002    22.4167   999.000     0.351    -0.003   -27.210   -27.210   -26.540   -26.530    84.900    76.800    14.750    16.680    49.010    62.420   283.300     1.629     4.388   -23.540   -22.090   -21.230   -20.830   -20.640   -20.600   -20.700   -20.880   -21.110   -21.270    12.430   999.000   999.000   999.000   999.000   999.000    19.780   999.000   999.000   999.000   999.000
11 2002    22.5000   999.000     0.364    -0.042   -27.040   -27.040   -26.390   -26.360    85.100    76.900    15.260    17.240    54.220    64.050   283.100     2.699     4.356   -23.540   -22.090   -21.230   -20.830   -20.640   -20.600   -20.700   -20.870   -21.110   -21.270    12.430   999.000   999.000   999.000   999.000   999.000    20.080   999.000   999.000   999.000   999.000
11 2002    22.5833   999.000     0.578    -1.623   -26.940   -26.950   -26.260   -26.260    85.200    77.000    15.010    16.930    51.920    64.820   283.200     2.166     4.319   -23.530   -22.090   -21.230   -20.820   -20.640   -20.600   -20.700   -20.870   -21.110   -21.270    12.430   999.000   999.000   999.000   999.000   999.000    19.750   999.000   999.000   999.000   999.000
11 2002    22.6667   999.000     0.774    -2.612   -26.170   -26.170   -25.560   -25.510    85.900    77.700    15.180    17.120    59.560    66.490   283.500     2.157     4.299   -23.520   -22.090   -21.220   -20.810   -20.630   -20.580   -20.690   -20.870   -21.090   -21.250    12.420   999.000   999.000   999.000   999.000   999.000    19.940   999.000   999.000   999.000   999.000
11 2002    22.7500   999.000     0.592    -1.176   -25.900   -25.910   -25.240   -25.240    86.200    78.000    14.690    16.560    64.260    68.110   284.000     3.235     4.312   -23.490   -22.070   -21.200   -20.790   -20.610   -20.570   -20.670   -20.840   -21.070   -21.240    12.420   999.000   999.000   999.000   999.000   999.000    19.390   999.000   999.000   999.000   999.000
11 2002    22.7917   999.000     0.441    -0.156   -25.820   -25.810   -25.190   -25.180    86.300    78.100    14.880    16.770    62.390    68.860   284.300     1.610     4.307   -23.490   -22.070   -21.200   -20.790   -20.610   -20.560   -20.660   -20.830   -21.070   -21.230    12.430   999.000   999.000   999.000   999.000   999.000    19.980   999.000   999.000   999.000   999.000
11 2002    22.8333   999.000     0.410     0.005   -25.760   -25.750   -25.130   -25.110    86.300    78.200    15.620    17.650    65.200    68.330   284.500     2.144     4.310   -23.490   -22.070   -21.200   -20.790   -20.600   -20.560   -20.660   -20.830   -21.060   -21.230    12.420   999.000   999.000   999.000   999.000   999.000    20.440   999.000   999.000   999.000   999.000
11 2002    22.9167   999.000     0.392     0.003   -25.950   -25.950   -25.310   -25.300    86.100    78.000    15.580    17.580    66.310    70.000   285.500     2.685     4.297   -23.490   -22.070   -21.200   -20.790   -20.600   -20.560   -20.660   -20.830   -21.060   -21.230    12.430   999.000   999.000   999.000   999.000   999.000    20.080   999.000   999.000   999.000   999.000
11 2002    23.2500   999.000     0.347    -0.085   -27.350   -27.330   -26.670   -26.650    84.700    76.600    13.960    15.730    84.900    88.800   287.200     3.188     4.277   -23.530   -22.130   -21.250   -20.840   -20.650   -20.610   -20.710   -20.870   -21.110   -21.270    12.430   999.000   999.000   999.000   999.000   999.000    18.280   999.000   999.000   999.000   999.000
11 2002    23.4167   999.000     0.220    -0.190   -27.440   -27.420   -26.700   -26.730    84.600    76.400    12.260    13.810    91.600    94.000   288.900     3.167     4.280   -23.530   -22.140   -21.260   -20.840   -20.660   -20.610   -20.710   -20.880   -21.110   -21.270    12.430   999.000   999.000   999.000   999.000   999.000    15.880   999.000   999.000   999.000   999.000
11 2002    23.6667   999.000     0.862    -1.673   -26.300   -26.280   -25.680   -25.590    85.700    77.600    10.590    11.910   105.700   107.600   290.200     3.156     4.273   -23.520   -22.150   -21.260   -20.840   -20.660   -20.610   -20.710   -20.890   -21.090   -21.260    12.430   999.000   999.000   999.000   999.000   999.000    13.620   999.000   999.000   999.000   999.000
11 2002    23.9167   999.000     0.386    -0.077   -25.900   -25.950   -25.220   -25.310    86.200    77.900    10.510    11.810   118.900   119.800   290.900     3.089     4.233   -23.470   -22.120   -21.230   -20.810   -20.620   -20.570   -20.670   -20.840   -21.060   -21.230    12.430   999.000   999.000   999.000   999.000   999.000    13.790   999.000   999.000   999.000   999.000
11 2002    23.9583   999.000     0.480    -0.065   -26.100   -26.060   -25.440   -25.420    85.900    77.800    10.090    11.340   116.300   118.400   291.100     3.136     4.237   -23.480   -22.130   -21.230   -20.810   -20.620   -20.580   -20.670   -20.840   -21.070   -21.230    12.420   999.000   999.000   999.000   999.000   999.000    13.690   999.000   999.000   999.000   999.000
11 2002    24.2500   999.000     0.354    -0.064   -27.630   -27.470   -26.930   -26.800    84.400    76.500     9.200    10.340   123.400   125.100   290.100     3.108     4.178   -23.510   -22.180   -21.280   -20.850   -20.670   -20.620   -20.710   -20.870   -21.110   -21.270    12.420   999.000   999.000   999.000   999.000   999.000    12.370   999.000   999.000   999.000   999.000
11 2002    24.4167   999.000     0.215     0.033   -28.780   -28.220   -28.000   -27.440    83.300    75.900     8.160     9.160   126.800   126.800   289.800     3.158     4.267   -23.580   -22.260   -21.360   -20.930   -20.740   -20.690   -20.790   -20.960   -21.200   -21.340    12.430   999.000   999.000   999.000   999.000   999.000    11.200   999.000   999.000   999.000   999.000
11 2002    24.5000   999.000     0.325    -0.034   -27.650   -27.620   -26.940   -26.910    84.400    76.300     9.000    10.110   117.300   117.900   290.100     3.187     4.289   -23.540   -22.210   -21.320   -20.880   -20.700   -20.650   -20.750   -20.920   -21.140   -21.300    12.430   999.000   999.000   999.000   999.000   999.000    12.410   999.000   999.000   999.000   999.000
11 2002    24.6667   999.000     1.122    -2.054   -25.710   -25.800   -25.060   -25.130    86.300    77.900    11.770    13.250   106.100   108.600   289.000     3.163     4.274   -23.480   -22.170   -21.270   -20.840   -20.650   -20.600   -20.700   -20.870   -21.080   -21.240    12.420   999.000   999.000   999.000   999.000   999.000    15.580   999.000   999.000   999.000   999.000
11 2002    24.7500   999.000     0.648    -0.727   -25.280   -25.320   -24.610   -24.680    86.700    78.500    11.650    13.110   105.600   107.300   289.200     3.180     4.283   -23.450   -22.150   -21.250   -20.810   -20.620   -20.580   -20.670   -20.840   -21.060   -21.220    12.420   999.000   999.000   999.000   999.000   999.000    15.470   999.000   999.000   999.000   999.000
11 2002    24.7917   999.000     0.433    -0.142   -25.280   -25.220   -24.660   -24.600    86.700    78.600    11.760    13.250   107.200   110.200   289.000     3.179     4.280   -23.440   -22.150   -21.240   -20.810   -20.620   -20.570   -20.660   -20.830   -21.050   -21.220    12.420   999.000   999.000   999.000   999.000   999.000    16.690   999.000   999.000   999.000   999.000
11 2002    24.8333   999.000     0.507    -0.056   -25.330   -25.390   -24.640   -24.760    86.700    78.300    12.250    13.800   102.600   105.900   288.600     3.182     4.306   -23.440   -22.150   -21.240   -20.810   -20.620   -20.570   -20.660   -20.830   -21.050   -21.220    12.420   999.000   999.000   999.000   999.000   999.000    16.010   999.000   999.000   999.000   999.000
11 2002    24.9167   999.000     0.417    -0.013   -25.790   -25.800   -25.120   -25.160    86.300    78.000    12.550    14.140    97.200   103.900   288.000     3.132     4.265   -23.450   -22.160   -21.250   -20.820   -20.630   -20.580   -20.670   -20.830   -21.060   -21.220    12.420   999.000   999.000   999.000   999.000   999.000    16.440   999.000   999.000   999.000   999.000
11 2002    25.5000   999.000     0.225    -0.033   -26.680   -26.660   -26.220   -25.930    85.300    77.500    11.250    12.680    64.550    67.600   282.600     3.199     4.257   -23.560   -22.300   -21.390   -20.940   -20.750   -20.700   -20.790   -20.970   -21.190   -21.330    12.420   999.000   999.000   999.000   999.000   999.000    16.090   999.000   999.000   999.000   999.000
